# PSIBLAST 2.12.0+
# Iteration: 1
# Query: B1AJI8.1 RecName: Full=Uracil-DNA glycosylase; Short=UDG [Ureaplasma parvum serovar 3 str. ATCC 27815] >Q9PPU2.1 RecName: Full=Uracil-DNA glycosylase; Short=UDG [Ureaplasma parvum serovar 3 str. ATCC 700970]
# Database: ../../data/swissprot
# Fields: query acc.ver, subject acc.ver, % identity, alignment length, mismatches, gap opens, q. start, q. end, s. start, s. end, evalue, bit score
# 306 hits found
B1AJI8.1	B1AJI8.1	100.000	212	0	0	1	212	1	212	1.12e-157	437
B1AJI8.1	B5ZC55.1	88.679	212	24	0	1	212	1	212	5.61e-143	400
B1AJI8.1	Q5R080.1	45.116	215	115	2	1	212	1	215	1.33e-60	191
B1AJI8.1	A0Q7Y8.1	46.759	216	111	4	1	212	1	216	1.44e-58	186
B1AJI8.1	Q4L3Q7.1	43.662	213	119	1	1	212	1	213	2.99e-58	185
B1AJI8.1	A4IWI7.1	46.296	216	112	4	1	212	1	216	6.05e-58	185
B1AJI8.1	C6DC11.1	45.622	217	112	4	1	212	5	220	1.16e-57	184
B1AJI8.1	B0UWA7.1	44.860	214	114	3	3	212	4	217	1.60e-57	184
B1AJI8.1	A0KMZ1.1	43.925	214	116	3	3	212	4	217	1.89e-57	183
B1AJI8.1	P97931.3	46.479	213	111	2	3	212	91	303	1.90e-57	186
B1AJI8.1	B3ERG6.1	45.283	212	114	2	3	212	9	220	2.49e-57	183
B1AJI8.1	P57807.1	43.458	214	117	3	3	212	4	217	4.61e-57	182
B1AJI8.1	A6VLV4.1	44.393	214	115	3	3	212	4	217	4.66e-57	182
B1AJI8.1	Q65VN0.1	46.512	215	109	4	3	212	4	217	5.11e-57	182
B1AJI8.1	A0M1V1.1	48.131	214	106	4	3	212	9	221	6.54e-57	182
B1AJI8.1	Q3BNI2.1	51.892	185	83	3	32	212	44	226	1.42e-56	182
B1AJI8.1	A1JKI8.1	44.444	216	116	4	1	212	5	220	1.73e-56	181
B1AJI8.1	A7NAN4.1	45.622	217	112	4	1	212	1	216	2.12e-56	181
B1AJI8.1	A5F5R5.1	43.519	216	118	3	1	212	5	220	2.69e-56	181
B1AJI8.1	Q8PFZ6.1	51.892	185	83	3	32	212	44	226	4.45e-56	181
B1AJI8.1	B4RLL6.1	43.458	214	117	3	3	212	4	217	5.30e-56	180
B1AJI8.1	A4SK71.1	42.991	214	118	3	3	212	4	217	6.20e-56	179
B1AJI8.1	A9LZA2.1	43.458	214	117	3	3	212	4	217	6.95e-56	179
B1AJI8.1	A1KU26.1	43.458	214	117	3	3	212	4	217	6.95e-56	179
B1AJI8.1	Q6D208.1	44.700	217	114	4	1	212	5	220	8.38e-56	179
B1AJI8.1	Q7MNR0.2	43.056	216	119	3	1	212	5	220	1.03e-55	179
B1AJI8.1	A3MZ80.1	44.860	214	114	3	3	212	4	217	1.13e-55	179
B1AJI8.1	B6YR15.1	42.925	212	119	2	3	212	9	220	1.42e-55	179
B1AJI8.1	Q5HRG5.1	42.254	213	122	1	1	212	1	213	1.45e-55	178
B1AJI8.1	A6TCJ2.1	42.130	216	121	3	1	212	5	220	1.66e-55	179
B1AJI8.1	A7GVX1.1	45.540	213	113	3	2	212	13	224	1.70e-55	179
B1AJI8.1	Q9JUC4.1	43.458	214	117	3	3	212	4	217	2.09e-55	178
B1AJI8.1	B4F058.1	43.056	216	119	4	1	212	5	220	2.24e-55	178
B1AJI8.1	B9DKT3.1	44.444	216	113	3	1	212	1	213	3.90e-55	177
B1AJI8.1	B0RWT2.1	50.811	185	85	3	32	212	44	226	4.40e-55	178
B1AJI8.1	A6L7T5.1	41.784	213	122	2	2	212	8	220	5.13e-55	177
B1AJI8.1	C1DQR0.1	43.192	213	118	3	3	212	14	226	6.68e-55	177
B1AJI8.1	Q8CQ65.1	41.784	213	123	1	1	212	1	213	7.82e-55	177
B1AJI8.1	P13051.2	45.070	213	114	2	3	212	98	310	8.76e-55	179
B1AJI8.1	Q8A5V6.1	41.784	213	122	2	2	212	8	220	1.01e-54	176
B1AJI8.1	B2VEC7.1	42.130	216	121	4	1	212	5	220	1.22e-54	176
B1AJI8.1	P43731.1	42.991	214	118	3	3	212	4	217	1.70e-54	176
B1AJI8.1	Q8UCM8.1	42.723	213	119	3	3	212	16	228	2.08e-54	176
B1AJI8.1	Q87SC4.1	44.495	218	109	5	3	212	7	220	2.10e-54	176
B1AJI8.1	B5Z154.1	42.857	217	118	4	1	212	5	220	2.15e-54	176
B1AJI8.1	A8AD07.1	41.667	216	122	3	1	212	5	220	2.56e-54	176
B1AJI8.1	B8F6C3.1	43.458	214	118	3	2	212	3	216	3.08e-54	175
B1AJI8.1	Q49VD1.1	46.739	184	97	1	30	212	30	213	3.77e-54	175
B1AJI8.1	Q5L9D9.1	41.509	212	122	2	3	212	9	220	4.66e-54	175
B1AJI8.1	B9E8N2.1	41.935	217	117	4	1	212	1	213	6.47e-54	174
B1AJI8.1	A4WDE9.1	42.130	216	121	3	1	212	5	220	6.66e-54	175
B1AJI8.1	A9MGV9.1	42.130	216	121	3	1	212	5	220	1.13e-53	174
B1AJI8.1	B5F228.1	42.130	216	121	3	1	212	5	220	1.15e-53	174
B1AJI8.1	A8A392.1	42.396	217	119	4	1	212	5	220	1.33e-53	174
B1AJI8.1	B2SJF5.1	50.270	185	86	3	32	212	44	226	1.44e-53	174
B1AJI8.1	B7NRN6.1	42.857	217	118	4	1	212	5	220	1.49e-53	174
B1AJI8.1	Q0T1S6.1	42.396	217	119	4	1	212	5	220	1.85e-53	174
B1AJI8.1	Q6F9Y2.1	45.972	211	108	4	5	212	26	233	2.06e-53	174
B1AJI8.1	Q723S4.1	41.981	212	121	2	3	212	5	216	2.15e-53	173
B1AJI8.1	A3M500.2	48.148	189	95	3	27	212	45	233	2.50e-53	173
B1AJI8.1	A1AEB0.1	42.396	217	119	4	1	212	5	220	2.73e-53	173
B1AJI8.1	A9N0W3.1	41.667	216	122	3	1	212	5	220	2.82e-53	173
B1AJI8.1	A1VXG9.1	45.070	213	113	4	3	212	17	228	2.93e-53	173
B1AJI8.1	A5IQD5.1	41.784	213	123	1	1	212	1	213	3.03e-53	172
B1AJI8.1	Q2YS83.1	41.784	213	123	1	1	212	1	213	3.10e-53	172
B1AJI8.1	B0VD25.1	48.148	189	95	3	27	212	45	233	3.21e-53	173
B1AJI8.1	C4LC44.1	43.256	215	116	4	3	212	4	217	3.49e-53	172
B1AJI8.1	A7ZAZ4.1	44.340	212	115	3	3	212	14	224	3.77e-53	173
B1AJI8.1	B9KEK7.1	43.662	213	116	4	3	212	14	225	3.78e-53	173
B1AJI8.1	Q92LU5.1	40.845	213	123	3	3	212	11	223	4.58e-53	173
B1AJI8.1	Q8FF08.3	42.396	217	119	4	1	212	5	220	4.71e-53	172
B1AJI8.1	A0RM89.1	46.047	215	107	4	3	212	14	224	4.87e-53	172
B1AJI8.1	B5XNF8.1	41.204	216	123	3	1	212	5	220	5.18e-53	172
B1AJI8.1	A6M317.1	45.755	212	113	2	3	212	9	220	5.66e-53	172
B1AJI8.1	B0VMZ7.1	48.148	189	95	3	27	212	45	233	6.29e-53	172
B1AJI8.1	Q836Z5.1	42.453	212	120	2	3	212	9	220	6.78e-53	172
B1AJI8.1	A7I0A8.1	46.479	213	110	4	3	212	14	225	6.98e-53	172
B1AJI8.1	Q5HX80.1	45.070	213	113	4	3	212	17	228	7.87e-53	172
B1AJI8.1	Q8EB78.1	41.204	216	123	3	1	212	1	216	8.07e-53	171
B1AJI8.1	A6UDC0.1	41.315	213	122	3	3	212	11	223	8.32e-53	172
B1AJI8.1	Q6GBQ6.1	41.784	213	123	1	1	212	1	213	9.39e-53	171
B1AJI8.1	Q9PJ40.1	44.601	213	114	4	3	212	17	228	1.21e-52	171
B1AJI8.1	C4Z8Z2.1	42.991	214	119	3	2	212	7	220	1.38e-52	171
B1AJI8.1	B7LUY5.1	41.935	217	120	4	1	212	5	220	1.41e-52	171
B1AJI8.1	A5UBC0.1	42.523	214	119	3	3	212	4	217	1.45e-52	171
B1AJI8.1	A8GI39.1	41.667	216	122	3	1	212	5	220	1.58e-52	171
B1AJI8.1	Q2NS03.1	41.667	216	122	3	1	212	5	220	1.61e-52	171
B1AJI8.1	Q9PA28.2	42.273	220	112	5	2	212	21	234	1.76e-52	172
B1AJI8.1	A8FJP1.1	44.131	213	115	4	3	212	17	228	1.90e-52	171
B1AJI8.1	Q4QPM6.1	42.056	214	120	3	3	212	4	217	2.33e-52	170
B1AJI8.1	A8EWN8.1	43.256	215	119	2	1	212	1	215	2.52e-52	170
B1AJI8.1	B2RHL6.1	42.254	213	120	2	3	212	10	222	4.95e-52	170
B1AJI8.1	B7MYL3.1	42.396	217	119	4	1	212	5	220	5.12e-52	170
B1AJI8.1	B2IAB2.1	42.273	220	112	5	2	212	21	234	5.55e-52	171
B1AJI8.1	Q8Y9X7.1	41.981	212	121	2	3	212	5	216	6.95e-52	169
B1AJI8.1	Q4KGS0.1	42.130	216	118	4	2	212	12	225	8.69e-52	169
B1AJI8.1	A7H1G3.1	45.540	213	112	4	3	212	17	228	8.85e-52	169
B1AJI8.1	Q3KGL4.1	41.784	213	121	3	3	212	13	225	1.09e-51	169
B1AJI8.1	Q92EQ0.1	41.509	212	122	2	3	212	5	216	1.25e-51	169
B1AJI8.1	B0U620.1	41.818	220	113	5	2	212	21	234	2.37e-51	169
B1AJI8.1	Q30Q92.1	42.723	213	118	3	3	212	10	221	2.51e-51	168
B1AJI8.1	Q7MXF6.1	42.254	213	120	2	3	212	10	222	2.63e-51	168
B1AJI8.1	P29950.1	45.355	183	98	2	32	212	24	206	2.64e-51	167
B1AJI8.1	Q256I7.1	43.056	216	118	4	1	212	12	226	5.88e-51	167
B1AJI8.1	Q821F7.1	43.519	216	117	4	1	212	12	226	6.56e-51	167
B1AJI8.1	B0TXF5.1	43.318	217	117	4	1	212	1	216	7.08e-51	167
B1AJI8.1	B1JRB1.1	43.519	216	118	4	1	212	5	220	7.82e-51	167
B1AJI8.1	A4TKZ2.1	43.519	216	118	4	1	212	5	220	8.26e-51	167
B1AJI8.1	Q5L4Q4.1	41.667	216	121	4	1	212	12	226	1.17e-50	166
B1AJI8.1	Q38VY5.1	42.180	211	121	1	3	212	9	219	1.67e-50	166
B1AJI8.1	A7FFS4.1	43.519	216	118	4	1	212	5	220	1.90e-50	166
B1AJI8.1	Q057V4.1	43.721	215	118	2	1	212	7	221	1.95e-50	166
B1AJI8.1	A6VAM7.1	43.662	213	117	3	3	212	14	226	2.06e-50	166
B1AJI8.1	Q7N1U8.1	42.130	216	121	4	1	212	5	220	2.51e-50	166
B1AJI8.1	Q03GV8.1	42.925	212	119	2	3	212	9	220	2.92e-50	166
B1AJI8.1	B2S1N8.1	44.340	212	114	3	3	210	9	220	3.92e-50	165
B1AJI8.1	Q1I5T6.1	42.056	214	121	3	2	212	12	225	4.13e-50	165
B1AJI8.1	B7J0Y9.1	46.377	207	107	3	3	205	9	215	4.18e-50	165
B1AJI8.1	Q7VMC0.1	41.395	215	122	3	2	212	3	217	4.61e-50	165
B1AJI8.1	Q02HQ1.1	43.192	213	118	3	3	212	14	226	5.58e-50	165
B1AJI8.1	B5RKV2.1	44.811	212	113	3	3	210	9	220	6.88e-50	164
B1AJI8.1	O84613.1	42.056	214	121	2	2	212	13	226	7.05e-50	164
B1AJI8.1	Q3IG47.1	41.860	215	120	4	3	212	4	218	8.45e-50	164
B1AJI8.1	A8YUE7.1	46.703	182	96	1	32	212	39	220	1.32e-49	164
B1AJI8.1	B1YFL0.1	41.038	212	123	2	3	212	5	216	1.38e-49	163
B1AJI8.1	B0KV50.1	42.056	214	121	3	2	212	12	225	1.48e-49	164
B1AJI8.1	A1QYK3.1	44.811	212	113	3	3	210	9	220	1.50e-49	163
B1AJI8.1	A9KP29.1	42.723	213	119	3	3	212	8	220	1.94e-49	163
B1AJI8.1	C3KDS6.1	40.278	216	122	4	2	212	12	225	2.75e-49	163
B1AJI8.1	B8FSV8.1	42.925	212	118	3	3	212	8	218	3.43e-49	162
B1AJI8.1	B0B8I2.1	42.254	213	120	2	3	212	14	226	3.55e-49	162
B1AJI8.1	A9KCD5.2	43.192	213	118	3	3	212	10	222	4.14e-49	162
B1AJI8.1	B5RQN2.1	44.340	212	114	3	3	210	9	220	4.40e-49	162
B1AJI8.1	Q9PJD2.1	42.254	213	120	2	3	212	14	226	5.18e-49	162
B1AJI8.1	A7MS85.1	42.202	218	114	5	3	212	7	220	5.59e-49	162
B1AJI8.1	A8AXM4.1	42.254	213	117	3	3	212	6	215	5.88e-49	162
B1AJI8.1	B6J738.1	42.723	213	119	3	3	212	10	222	5.97e-49	162
B1AJI8.1	B1J4J3.1	42.254	213	120	3	3	212	13	225	6.01e-49	162
B1AJI8.1	Q83CW4.1	42.723	213	119	3	3	212	10	222	8.35e-49	162
B1AJI8.1	Q88N05.1	41.121	214	123	3	2	212	12	225	9.47e-49	161
B1AJI8.1	Q5FL46.1	44.444	207	111	2	7	212	17	220	9.93e-49	162
B1AJI8.1	Q5WAZ9.1	40.094	212	125	2	3	212	8	219	1.30e-48	161
B1AJI8.1	Q5E2Y8.1	41.935	217	120	4	1	212	3	218	1.74e-48	160
B1AJI8.1	Q662W1.1	44.340	212	114	3	3	210	9	220	2.10e-48	160
B1AJI8.1	Q7VGS1.1	41.176	221	117	5	3	212	14	232	2.36e-48	160
B1AJI8.1	Q0SPB2.1	44.811	212	113	3	3	210	9	220	2.57e-48	160
B1AJI8.1	A5FFT1.1	42.254	213	120	3	3	212	9	221	3.05e-48	160
B1AJI8.1	A5W8H2.1	41.121	214	123	3	2	212	12	225	3.12e-48	160
B1AJI8.1	Q74K70.1	46.703	182	96	1	32	212	38	219	4.26e-48	160
B1AJI8.1	A5VIJ2.1	41.509	212	122	2	3	212	9	220	4.73e-48	160
B1AJI8.1	Q04BG7.1	45.604	182	98	1	32	212	38	219	4.97e-48	159
B1AJI8.1	Q1GB22.1	45.604	182	98	1	32	212	38	219	5.36e-48	159
B1AJI8.1	Q7P1I1.1	43.617	188	104	2	27	212	40	227	9.54e-48	159
B1AJI8.1	Q5LA67.1	40.566	212	124	2	3	212	9	220	9.65e-48	159
B1AJI8.1	P53766.2	42.857	217	117	5	2	212	127	342	1.02e-47	162
B1AJI8.1	A3CN85.1	41.315	213	119	3	3	212	6	215	1.06e-47	158
B1AJI8.1	Q64QI5.1	40.566	212	124	2	3	212	9	220	1.15e-47	158
B1AJI8.1	A1SUE5.1	39.908	218	123	4	1	212	1	216	1.35e-47	158
B1AJI8.1	B6J089.1	42.254	213	120	3	3	212	10	222	1.46e-47	159
B1AJI8.1	A5EVB8.1	41.395	215	119	5	3	212	15	227	2.06e-47	158
B1AJI8.1	P59465.1	43.056	216	119	3	1	212	7	222	2.08e-47	158
B1AJI8.1	Q182G9.1	42.925	212	119	2	3	212	8	219	3.17e-47	157
B1AJI8.1	Q48ET5.1	40.930	215	120	4	3	212	13	225	3.73e-47	157
B1AJI8.1	Q9LIH6.1	41.935	217	118	4	3	212	113	328	3.76e-47	160
B1AJI8.1	Q87XE2.1	39.815	216	123	4	2	212	12	225	3.81e-47	157
B1AJI8.1	B8D787.1	40.930	215	124	2	1	212	3	217	5.84e-47	157
B1AJI8.1	A4VV30.1	40.758	211	123	2	3	212	6	215	6.86e-47	156
B1AJI8.1	Q8XNR7.1	43.868	212	117	2	3	212	9	220	6.89e-47	157
B1AJI8.1	B6EKY3.1	40.187	214	124	3	3	212	5	218	7.38e-47	156
B1AJI8.1	Q4ZPC2.1	40.278	216	122	4	2	212	12	225	8.58e-47	156
B1AJI8.1	Q92CI1.1	42.453	212	120	2	3	212	8	219	9.07e-47	156
B1AJI8.1	B5FAJ7.1	41.014	217	122	4	1	212	3	218	9.16e-47	156
B1AJI8.1	Q1GHJ4.1	41.706	211	116	4	3	212	17	221	1.16e-46	156
B1AJI8.1	Q9Z7D3.1	40.284	211	122	3	3	210	21	230	1.22e-46	156
B1AJI8.1	B1MXY4.1	40.758	211	123	2	3	212	8	217	1.29e-46	155
B1AJI8.1	Q8Y7P6.1	42.925	212	119	2	3	212	8	219	1.31e-46	156
B1AJI8.1	B3WCZ5.1	44.022	184	102	1	30	212	36	219	1.33e-46	156
B1AJI8.1	B2TQZ9.1	41.509	212	122	2	3	212	9	220	1.38e-46	156
B1AJI8.1	Q0TUH0.1	43.396	212	118	2	3	212	9	220	1.49e-46	155
B1AJI8.1	Q720K2.1	42.453	212	120	2	3	212	8	219	2.02e-46	155
B1AJI8.1	A8MM35.1	41.038	212	123	2	3	212	9	220	2.47e-46	155
B1AJI8.1	Q7VRQ7.1	41.204	216	123	3	1	212	4	219	2.89e-46	155
B1AJI8.1	Q88YG1.1	42.925	212	119	2	3	212	9	220	3.32e-46	155
B1AJI8.1	B2GAM7.1	45.455	187	100	2	28	212	34	220	3.71e-46	155
B1AJI8.1	Q0SWB8.1	42.925	212	119	2	3	212	9	220	4.20e-46	154
B1AJI8.1	Q8EPH6.1	43.256	215	114	4	3	212	9	220	4.37e-46	155
B1AJI8.1	Q03SK6.1	40.654	214	123	3	3	212	9	222	4.37e-46	155
B1AJI8.1	A8FIM7.1	41.509	212	122	2	3	212	9	220	4.52e-46	154
B1AJI8.1	P39615.1	39.623	212	126	2	3	212	9	220	6.21e-46	154
B1AJI8.1	Q65DN9.1	41.038	212	123	2	3	212	9	220	8.40e-46	154
B1AJI8.1	Q630K2.1	41.315	213	121	3	3	212	9	220	8.78e-46	154
B1AJI8.1	B7HYF9.1	41.315	213	121	3	3	212	9	220	9.78e-46	154
B1AJI8.1	Q72X51.1	41.315	213	121	3	3	212	9	220	1.01e-45	154
B1AJI8.1	Q8DTV8.1	40.758	211	123	2	3	212	6	215	1.15e-45	153
B1AJI8.1	B1I012.1	40.187	214	124	3	3	212	9	222	1.25e-45	153
B1AJI8.1	Q9U221.1	41.395	215	120	5	3	212	66	279	1.69e-45	155
B1AJI8.1	Q7MA00.1	40.376	213	123	4	3	212	15	226	1.74e-45	153
B1AJI8.1	A2RHW2.1	39.815	216	120	4	3	212	6	217	4.81e-45	152
B1AJI8.1	A9VSJ0.1	40.845	213	122	3	3	212	9	220	4.90e-45	152
B1AJI8.1	Q032L5.1	39.815	216	120	4	3	212	6	217	6.24e-45	151
B1AJI8.1	B7GMM1.1	41.509	212	122	2	3	212	9	220	7.73e-45	151
B1AJI8.1	Q9CIX2.1	39.815	216	120	4	3	212	6	217	1.17e-44	150
B1AJI8.1	C0Z887.1	36.792	212	132	2	3	212	9	220	1.42e-44	151
B1AJI8.1	A7GVE5.1	40.094	212	125	2	3	212	9	220	1.61e-44	150
B1AJI8.1	B1IBW9.1	40.654	214	121	3	2	212	5	215	1.80e-44	150
B1AJI8.1	Q03KM6.1	39.336	211	126	2	3	212	6	215	2.09e-44	150
B1AJI8.1	Q07YI6.1	42.553	188	105	2	28	212	31	218	3.08e-44	150
B1AJI8.1	Q5KUD0.1	41.038	212	123	2	3	212	8	219	3.49e-44	150
B1AJI8.1	B7JHM3.1	40.845	213	122	3	3	212	9	220	3.83e-44	149
B1AJI8.1	C3LFS7.1	40.845	213	122	3	3	212	9	220	4.31e-44	149
B1AJI8.1	Q03W63.1	39.151	212	126	3	3	212	8	218	4.40e-44	149
B1AJI8.1	Q9K3Z0.1	36.150	213	133	3	2	212	10	221	5.43e-44	149
B1AJI8.1	B7HG60.1	40.845	213	122	3	3	212	9	220	5.65e-44	149
B1AJI8.1	A7ZA24.1	40.654	214	121	3	3	212	9	220	6.45e-44	149
B1AJI8.1	B7IRS8.1	40.845	213	122	3	3	212	9	220	6.65e-44	149
B1AJI8.1	C5D9T3.1	41.981	212	121	2	3	212	8	219	7.60e-44	149
B1AJI8.1	Q9K682.1	40.094	212	125	2	3	212	8	219	7.94e-44	149
B1AJI8.1	C1CKR8.1	39.252	214	124	3	2	212	5	215	9.82e-44	148
B1AJI8.1	A0RLI1.1	40.845	213	122	3	3	212	9	220	1.15e-43	148
B1AJI8.1	Q1IWN1.1	38.679	212	127	3	3	212	26	236	1.21e-43	149
B1AJI8.1	B5E4R3.1	39.252	214	124	3	2	212	5	215	1.43e-43	148
B1AJI8.1	B8ZQ48.1	39.252	214	124	3	2	212	5	215	1.56e-43	148
B1AJI8.1	B9DSB9.1	39.810	211	125	2	3	212	6	215	1.88e-43	147
B1AJI8.1	Q6HAN7.1	40.845	213	122	3	3	212	9	220	3.19e-43	147
B1AJI8.1	Q827B3.1	35.849	212	133	3	3	212	11	221	3.92e-43	147
B1AJI8.1	B5XL20.1	41.232	211	122	2	3	212	6	215	4.09e-43	147
B1AJI8.1	A6TVW5.1	40.099	202	119	2	3	202	8	209	4.56e-43	147
B1AJI8.1	Q21SE9.1	39.207	227	114	7	5	212	29	250	1.03e-42	147
B1AJI8.1	Q48U05.1	41.232	211	122	2	3	212	6	215	1.12e-42	145
B1AJI8.1	A4ITQ2.1	40.566	212	124	2	3	212	8	219	1.25e-42	146
B1AJI8.1	A2RF00.1	40.758	211	123	2	3	212	6	215	1.37e-42	145
B1AJI8.1	Q1JC76.1	40.758	211	123	2	3	212	6	215	1.82e-42	145
B1AJI8.1	Q1J724.1	40.758	211	123	2	3	212	6	215	1.96e-42	145
B1AJI8.1	P0DG74.1	40.758	211	123	2	3	212	6	215	2.33e-42	145
B1AJI8.1	Q9RWH9.1	37.559	213	129	3	3	212	27	238	4.25e-42	145
B1AJI8.1	P0A4P3.1	38.679	212	128	2	2	212	5	215	4.47e-42	144
B1AJI8.1	Q8R634.1	42.935	184	103	2	31	212	36	219	4.99e-42	144
B1AJI8.1	Q8P1B6.1	40.758	211	123	2	3	212	6	215	1.08e-41	143
B1AJI8.1	Q5XCK3.1	40.284	211	124	2	3	212	6	215	1.74e-41	142
B1AJI8.1	C1CXS7.1	38.140	215	127	4	2	212	28	240	4.52e-41	142
B1AJI8.1	Q315T1.1	33.636	220	135	3	3	212	15	233	4.70e-41	142
B1AJI8.1	B2UDL1.1	42.935	184	93	4	40	212	75	257	5.88e-41	142
B1AJI8.1	Q4A8N4.1	38.636	220	120	4	1	212	5	217	1.33e-40	140
B1AJI8.1	Q8XVE4.1	40.625	192	100	5	32	212	72	260	2.21e-40	141
B1AJI8.1	Q8FPQ4.1	41.848	184	100	5	33	212	56	236	4.40e-40	139
B1AJI8.1	P52506.1	36.449	214	131	4	2	212	101	312	4.63e-40	142
B1AJI8.1	P52507.1	36.449	214	131	4	2	212	102	313	4.78e-40	142
B1AJI8.1	C0ME57.1	37.915	211	129	2	3	212	6	215	5.40e-40	139
B1AJI8.1	C0M7J9.1	38.389	211	128	2	3	212	6	215	6.15e-40	139
B1AJI8.1	B4U3D4.1	38.389	211	128	2	3	212	6	215	6.42e-40	139
B1AJI8.1	A9IGW1.1	38.182	220	124	7	2	212	22	238	1.05e-39	139
B1AJI8.1	O74834.1	40.000	205	117	3	3	202	86	289	1.75e-39	140
B1AJI8.1	Q7VUM8.1	37.500	216	126	6	3	212	23	235	2.08e-39	138
B1AJI8.1	Q7WQW5.1	37.500	216	126	6	3	212	23	235	2.39e-39	138
B1AJI8.1	Q7W1Y7.1	37.500	216	126	6	3	212	23	235	2.50e-39	138
B1AJI8.1	P28866.1	36.916	214	130	4	2	212	98	309	4.47e-39	139
B1AJI8.1	P53764.1	37.313	201	121	4	15	212	3	201	5.25e-39	136
B1AJI8.1	O36395.1	38.164	207	117	4	16	212	44	249	1.64e-38	136
B1AJI8.1	F5HFA1.1	37.387	222	127	5	2	212	30	250	1.84e-38	136
B1AJI8.1	Q2L0Y2.1	37.615	218	127	6	2	212	22	237	2.43e-38	135
B1AJI8.1	Q9EX12.1	39.062	192	107	6	26	212	36	222	7.89e-38	133
B1AJI8.1	A1UEC0.1	40.437	183	105	4	33	212	43	224	1.32e-37	133
B1AJI8.1	Q82MX6.1	36.788	193	112	6	25	212	35	222	3.37e-37	132
B1AJI8.1	A8LD98.1	38.342	193	109	6	25	212	35	222	3.68e-37	132
B1AJI8.1	P53765.2	35.135	222	130	6	3	212	33	252	8.96e-37	132
B1AJI8.1	F5HI85.1	34.112	214	136	4	3	212	34	246	7.93e-36	129
B1AJI8.1	A4TE31.1	39.344	183	105	5	33	212	43	222	1.06e-35	128
B1AJI8.1	P12888.1	37.387	222	125	6	3	212	34	253	1.08e-35	129
B1AJI8.1	Q9J3N2.1	36.744	215	130	5	2	212	90	302	1.22e-35	130
B1AJI8.1	P50639.1	35.780	218	133	5	1	212	32	248	1.32e-35	129
B1AJI8.1	P09307.1	36.744	215	130	5	2	212	90	302	1.33e-35	130
B1AJI8.1	Q98PV4.1	37.850	214	129	4	2	212	6	218	1.66e-35	127
B1AJI8.1	Q9E6R2.1	37.383	214	129	4	3	212	97	309	3.44e-35	129
B1AJI8.1	A0QV01.1	38.587	184	107	5	33	212	43	224	5.74e-35	126
B1AJI8.1	A1T717.1	39.130	184	104	6	33	212	43	222	6.07e-35	126
B1AJI8.1	P75536.1	36.818	220	127	6	2	212	15	231	8.17e-35	126
B1AJI8.1	Q47Q90.1	38.579	197	105	8	24	212	37	225	1.60e-34	125
B1AJI8.1	A0QJA9.1	38.919	185	105	5	33	212	43	224	3.68e-34	124
B1AJI8.1	Q8G3E9.1	39.153	189	103	5	33	212	26	211	3.84e-34	124
B1AJI8.1	Q73VJ7.1	38.919	185	105	5	33	212	43	224	3.88e-34	124
B1AJI8.1	Q5YRZ2.1	38.710	186	104	6	33	212	43	224	5.18e-34	124
B1AJI8.1	P12887.1	37.156	218	119	4	3	202	106	323	6.46e-34	127
B1AJI8.1	B6JNI4.1	35.714	210	122	5	1	199	11	218	9.77e-34	123
B1AJI8.1	A0PQ07.1	38.172	186	105	6	33	212	43	224	1.72e-33	122
B1AJI8.1	B5Z8Z4.1	35.714	210	122	5	1	199	11	218	2.07e-33	122
B1AJI8.1	B8ZS02.1	38.172	186	105	6	33	212	43	224	2.88e-33	122
B1AJI8.1	P52447.1	36.406	217	129	6	3	212	36	250	3.61e-33	122
B1AJI8.1	B2HIJ2.1	38.172	186	105	6	33	212	43	224	3.77e-33	121
B1AJI8.1	Q9ZJN9.1	36.232	207	119	5	1	196	11	215	4.57e-33	121
B1AJI8.1	B1MDP0.1	38.251	183	108	5	33	212	43	223	5.29e-33	121
B1AJI8.1	B2UVB0.1	35.071	211	124	5	1	200	11	219	5.85e-33	121
B1AJI8.1	Q1CRR1.1	34.597	211	125	5	1	200	11	219	7.89e-33	120
B1AJI8.1	P67078.1	37.158	183	111	4	33	212	46	227	8.50e-33	120
B1AJI8.1	Q01019.1	40.113	177	83	5	52	212	80	249	1.32e-32	120
B1AJI8.1	P52345.1	35.484	217	131	6	3	212	36	250	3.78e-32	119
B1AJI8.1	P28275.1	33.790	219	128	5	3	212	43	253	4.83e-32	119
B1AJI8.1	P56397.1	35.266	207	121	5	1	196	11	215	2.69e-31	117
B1AJI8.1	A1KMX0.1	37.173	191	114	5	26	212	36	224	3.34e-31	116
B1AJI8.1	Q17Z05.1	34.300	207	123	5	1	196	11	215	1.07e-30	115
B1AJI8.1	P10186.1	33.803	213	136	4	3	212	122	332	1.10e-30	117
B1AJI8.1	Q8NQU9.1	34.167	240	123	7	5	212	16	252	3.48e-30	114
B1AJI8.1	A1SNW4.1	36.612	183	108	6	34	212	47	225	2.31e-29	112
B1AJI8.1	P13158.1	33.493	209	122	5	3	202	83	283	1.03e-28	112
B1AJI8.1	Q6UDG6.1	34.314	204	127	5	3	202	149	349	1.42e-25	104
B1AJI8.1	P47343.1	34.234	222	128	8	3	212	18	233	7.58e-25	100
B1AJI8.1	Q5UPT2.1	26.471	238	146	7	2	212	133	368	9.91e-17	80.5
# PSIBLAST 2.12.0+
# Iteration: 2
# Query: B1AJI8.1 RecName: Full=Uracil-DNA glycosylase; Short=UDG [Ureaplasma parvum serovar 3 str. ATCC 27815] >Q9PPU2.1 RecName: Full=Uracil-DNA glycosylase; Short=UDG [Ureaplasma parvum serovar 3 str. ATCC 700970]
# Database: ../../data/swissprot
# Fields: query acc.ver, subject acc.ver, % identity, alignment length, mismatches, gap opens, q. start, q. end, s. start, s. end, evalue, bit score
# 312 hits found
B1AJI8.1	B7GMM1.1	41.509	212	122	2	3	212	9	220	4.83e-138	388
B1AJI8.1	P39615.1	38.967	213	128	2	2	212	8	220	9.12e-137	385
B1AJI8.1	Q5KUD0.1	41.038	212	123	2	3	212	8	219	9.22e-137	385
B1AJI8.1	Q836Z5.1	41.784	213	122	2	2	212	8	220	1.15e-136	384
B1AJI8.1	C5D9T3.1	41.981	212	121	2	3	212	8	219	2.21e-136	383
B1AJI8.1	C6DC11.1	44.907	216	115	3	1	212	5	220	3.95e-136	383
B1AJI8.1	A8GI39.1	41.667	216	122	3	1	212	5	220	4.03e-136	383
B1AJI8.1	C1DQR0.1	42.991	214	119	3	2	212	13	226	4.41e-136	383
B1AJI8.1	A6TCJ2.1	42.130	216	121	3	1	212	5	220	6.78e-136	382
B1AJI8.1	A7ZA24.1	38.498	213	129	2	2	212	8	220	1.57e-135	381
B1AJI8.1	Q2NS03.1	41.204	216	123	3	1	212	5	220	1.73e-135	381
B1AJI8.1	A1JKI8.1	43.056	216	119	3	1	212	5	220	1.81e-135	381
B1AJI8.1	A4ITQ2.1	40.566	212	124	2	3	212	8	219	1.90e-135	381
B1AJI8.1	A6L7T5.1	41.784	213	122	2	2	212	8	220	1.96e-135	381
B1AJI8.1	Q5L9D9.1	41.315	213	123	2	2	212	8	220	3.07e-135	380
B1AJI8.1	B5XNF8.1	41.204	216	123	3	1	212	5	220	9.96e-135	380
B1AJI8.1	B4RLL6.1	43.256	215	118	3	2	212	3	217	1.21e-134	379
B1AJI8.1	P43731.1	42.791	215	119	3	2	212	3	217	1.55e-134	378
B1AJI8.1	A8FIM7.1	40.845	213	124	2	2	212	8	220	1.77e-134	379
B1AJI8.1	A7GVE5.1	39.623	212	126	2	3	212	9	220	2.34e-134	378
B1AJI8.1	A5F5R5.1	43.056	216	119	3	1	212	5	220	3.34e-134	378
B1AJI8.1	Q0T1S6.1	41.204	216	123	3	1	212	5	220	3.36e-134	378
B1AJI8.1	Q88N05.1	41.121	214	123	3	2	212	12	225	4.44e-134	378
B1AJI8.1	Q1I5T6.1	41.589	214	122	3	2	212	12	225	5.29e-134	378
B1AJI8.1	B4F058.1	41.667	216	122	3	1	212	5	220	6.03e-134	377
B1AJI8.1	A8A392.1	41.204	216	123	3	1	212	5	220	6.15e-134	377
B1AJI8.1	Q9K682.1	40.094	212	125	2	3	212	8	219	6.20e-134	377
B1AJI8.1	Q8A5V6.1	41.784	213	122	2	2	212	8	220	7.15e-134	377
B1AJI8.1	Q7N1U8.1	41.667	216	122	3	1	212	5	220	7.27e-134	377
B1AJI8.1	B0KV50.1	42.056	214	121	3	2	212	12	225	7.93e-134	377
B1AJI8.1	B5Z154.1	41.667	216	122	3	1	212	5	220	8.17e-134	377
B1AJI8.1	B2TQZ9.1	41.509	212	122	2	3	212	9	220	9.23e-134	377
B1AJI8.1	B7NRN6.1	41.667	216	122	3	1	212	5	220	1.01e-133	377
B1AJI8.1	A1AEB0.1	41.204	216	123	3	1	212	5	220	1.14e-133	377
B1AJI8.1	Q6D208.1	43.981	216	117	3	1	212	5	220	1.59e-133	376
B1AJI8.1	B7MYL3.1	41.204	216	123	3	1	212	5	220	1.70e-133	376
B1AJI8.1	A1KU26.1	43.256	215	118	3	2	212	3	217	1.79e-133	376
B1AJI8.1	A8AD07.1	41.667	216	122	3	1	212	5	220	1.82e-133	376
B1AJI8.1	B7LUY5.1	41.204	216	123	3	1	212	5	220	1.84e-133	376
B1AJI8.1	A6VAM7.1	43.458	214	118	3	2	212	13	226	1.89e-133	376
B1AJI8.1	Q8FF08.3	41.204	216	123	3	1	212	5	220	1.92e-133	376
B1AJI8.1	A5W8H2.1	41.121	214	123	3	2	212	12	225	1.95e-133	376
B1AJI8.1	A9MGV9.1	42.130	216	121	3	1	212	5	220	2.03e-133	376
B1AJI8.1	A9LZA2.1	43.256	215	118	3	2	212	3	217	2.04e-133	376
B1AJI8.1	A4WDE9.1	42.130	216	121	3	1	212	5	220	2.08e-133	376
B1AJI8.1	A8MM35.1	40.566	212	124	2	3	212	9	220	2.08e-133	376
B1AJI8.1	Q65DN9.1	40.376	213	125	2	2	212	8	220	3.33e-133	375
B1AJI8.1	Q4KGS0.1	41.589	214	122	3	2	212	12	225	3.60e-133	375
B1AJI8.1	Q02HQ1.1	42.991	214	119	3	2	212	13	226	4.03e-133	375
B1AJI8.1	Q4L3Q7.1	43.662	213	119	1	1	212	1	213	4.60e-133	375
B1AJI8.1	B1J4J3.1	42.254	213	120	3	3	212	13	225	4.68e-133	375
B1AJI8.1	Q3KGL4.1	41.121	214	123	3	2	212	12	225	6.82e-133	375
B1AJI8.1	B5F228.1	42.130	216	121	3	1	212	5	220	6.93e-133	375
B1AJI8.1	A6M317.1	45.755	212	113	2	3	212	9	220	8.27e-133	375
B1AJI8.1	A9N0W3.1	41.667	216	122	3	1	212	5	220	1.01e-132	374
B1AJI8.1	Q7MNR0.2	43.056	216	119	3	1	212	5	220	1.83e-132	373
B1AJI8.1	B0UWA7.1	44.186	215	116	3	2	212	3	217	2.09e-132	373
B1AJI8.1	Q9JUC4.1	43.256	215	118	3	2	212	3	217	3.00e-132	373
B1AJI8.1	Q65VN0.1	44.651	215	115	3	2	212	3	217	5.44e-132	372
B1AJI8.1	Q5WAZ9.1	40.566	212	124	2	3	212	8	219	8.99e-132	372
B1AJI8.1	C4LC44.1	41.860	215	121	3	2	212	3	217	1.47e-131	371
B1AJI8.1	Q87SC4.1	43.256	215	118	3	2	212	6	220	1.91e-131	371
B1AJI8.1	Q630K2.1	40.094	212	125	2	3	212	9	220	2.01e-131	371
B1AJI8.1	B7HYF9.1	40.094	212	125	2	3	212	9	220	2.05e-131	371
B1AJI8.1	B3ERG6.1	45.070	213	115	2	2	212	8	220	3.18e-131	370
B1AJI8.1	A0KMZ1.1	43.256	215	118	3	2	212	3	217	3.69e-131	370
B1AJI8.1	C4Z8Z2.1	42.991	214	119	3	2	212	7	220	3.97e-131	370
B1AJI8.1	B9DKT3.1	42.254	213	122	1	1	212	1	213	4.15e-131	370
B1AJI8.1	C0Z887.1	36.792	212	132	2	3	212	9	220	5.16e-131	370
B1AJI8.1	A5UBC0.1	42.326	215	120	3	2	212	3	217	5.37e-131	370
B1AJI8.1	Q72X51.1	40.094	212	125	2	3	212	9	220	6.08e-131	370
B1AJI8.1	C3KDS6.1	39.720	214	126	3	2	212	12	225	6.09e-131	370
B1AJI8.1	B2VEC7.1	41.204	216	123	3	1	212	5	220	6.25e-131	370
B1AJI8.1	Q4QPM6.1	41.860	215	121	3	2	212	3	217	7.14e-131	369
B1AJI8.1	Q0TUH0.1	43.396	212	118	2	3	212	9	220	7.25e-131	370
B1AJI8.1	B6J738.1	42.523	214	120	3	2	212	9	222	7.65e-131	370
B1AJI8.1	B8F6C3.1	43.458	214	118	3	2	212	3	216	9.11e-131	369
B1AJI8.1	Q5R080.1	45.116	215	115	2	1	212	1	215	9.63e-131	369
B1AJI8.1	Q92LU5.1	40.654	214	124	3	2	212	10	223	1.06e-130	370
B1AJI8.1	A9KCD5.2	42.991	214	119	3	2	212	9	222	1.40e-130	369
B1AJI8.1	Q4ZPC2.1	39.720	214	126	3	2	212	12	225	1.56e-130	369
B1AJI8.1	B8FSV8.1	42.453	212	119	3	3	212	8	218	1.71e-130	368
B1AJI8.1	Q48ET5.1	40.376	213	124	3	3	212	13	225	1.73e-130	369
B1AJI8.1	Q8XNR7.1	43.868	212	117	2	3	212	9	220	1.99e-130	368
B1AJI8.1	Q83CW4.1	42.523	214	120	3	2	212	9	222	2.03e-130	368
B1AJI8.1	A7MS85.1	40.930	215	123	3	2	212	6	220	2.04e-130	368
B1AJI8.1	Q87XE2.1	39.252	214	127	3	2	212	12	225	2.62e-130	368
B1AJI8.1	A5IQD5.1	41.315	213	124	1	1	212	1	213	2.63e-130	368
B1AJI8.1	A4SK71.1	42.326	215	120	3	2	212	3	217	3.61e-130	368
B1AJI8.1	Q2YS83.1	41.315	213	124	1	1	212	1	213	3.73e-130	367
B1AJI8.1	Q0SWB8.1	42.925	212	119	2	3	212	9	220	5.33e-130	367
B1AJI8.1	A6UDC0.1	41.121	214	123	3	2	212	10	223	5.61e-130	368
B1AJI8.1	Q182G9.1	42.925	212	119	2	3	212	8	219	6.48e-130	367
B1AJI8.1	B6EKY3.1	40.000	215	125	3	2	212	4	218	6.77e-130	367
B1AJI8.1	A3MZ80.1	44.186	215	116	3	2	212	3	217	7.17e-130	367
B1AJI8.1	Q6GBQ6.1	41.315	213	124	1	1	212	1	213	7.86e-130	366
B1AJI8.1	Q8UCM8.1	42.523	214	120	3	2	212	15	228	1.41e-129	367
B1AJI8.1	B1YFL0.1	40.376	213	125	2	2	212	4	216	1.54e-129	366
B1AJI8.1	A9VSJ0.1	39.623	212	126	2	3	212	9	220	2.61e-129	366
B1AJI8.1	Q92CI1.1	42.453	212	120	2	3	212	8	219	3.91e-129	365
B1AJI8.1	B7HG60.1	39.623	212	126	2	3	212	9	220	4.62e-129	365
B1AJI8.1	B6J089.1	42.056	214	121	3	2	212	9	222	4.72e-129	365
B1AJI8.1	Q03GV8.1	42.925	212	119	2	3	212	9	220	6.36e-129	365
B1AJI8.1	Q720K2.1	42.453	212	120	2	3	212	8	219	6.48e-129	365
B1AJI8.1	P57807.1	42.791	215	119	3	2	212	3	217	8.11e-129	364
B1AJI8.1	A5VIJ2.1	41.038	212	123	2	3	212	9	220	1.44e-128	364
B1AJI8.1	B5FAJ7.1	40.278	216	125	3	1	212	3	218	1.51e-128	363
B1AJI8.1	Q5E2Y8.1	41.204	216	123	3	1	212	3	218	1.61e-128	363
B1AJI8.1	A0RLI1.1	39.623	212	126	2	3	212	9	220	2.76e-128	363
B1AJI8.1	C3LFS7.1	39.623	212	126	2	3	212	9	220	3.08e-128	363
B1AJI8.1	A6VLV4.1	43.256	215	118	3	2	212	3	217	3.93e-128	363
B1AJI8.1	Q8Y7P6.1	42.925	212	119	2	3	212	8	219	5.37e-128	362
B1AJI8.1	Q49VD1.1	41.784	213	123	1	1	212	1	213	6.04e-128	362
B1AJI8.1	C1CXS7.1	37.383	214	130	3	2	212	28	240	7.01e-128	363
B1AJI8.1	B7JHM3.1	39.623	212	126	2	3	212	9	220	7.40e-128	362
B1AJI8.1	Q6HAN7.1	39.623	212	126	2	3	212	9	220	9.12e-128	361
B1AJI8.1	P13051.2	44.860	214	115	2	2	212	97	310	1.41e-127	365
B1AJI8.1	A6TVW5.1	39.151	212	127	2	3	212	8	219	1.67e-127	361
B1AJI8.1	B7IRS8.1	39.623	212	126	2	3	212	9	220	2.14e-127	361
B1AJI8.1	A4IWI7.1	45.370	216	114	3	1	212	1	216	2.55e-127	360
B1AJI8.1	A0Q7Y8.1	45.833	216	113	3	1	212	1	216	4.04e-127	360
B1AJI8.1	Q8CQ65.1	41.784	213	123	1	1	212	1	213	7.08e-127	359
B1AJI8.1	Q88YG1.1	42.453	212	120	2	3	212	9	220	8.64e-127	360
B1AJI8.1	B0TXF5.1	43.056	216	119	3	1	212	1	216	1.04e-126	359
B1AJI8.1	P97931.3	46.262	214	112	2	2	212	90	303	1.08e-126	362
B1AJI8.1	B2RHL6.1	41.784	213	121	2	3	212	10	222	1.31e-126	359
B1AJI8.1	Q5HRG5.1	42.254	213	122	1	1	212	1	213	1.51e-126	358
B1AJI8.1	Q7VMC0.1	41.395	215	122	3	2	212	3	217	2.63e-126	358
B1AJI8.1	Q7MXF6.1	41.784	213	121	2	3	212	10	222	4.02e-126	357
B1AJI8.1	B6YR15.1	42.254	213	121	2	2	212	8	220	4.41e-126	357
B1AJI8.1	B1I012.1	40.187	214	124	3	3	212	9	222	4.99e-126	357
B1AJI8.1	Q3BNI2.1	43.925	214	117	3	2	212	13	226	5.90e-126	358
B1AJI8.1	B1JRB1.1	42.593	216	120	3	1	212	5	220	8.59e-126	357
B1AJI8.1	Q38VY5.1	41.706	211	122	1	3	212	9	219	1.32e-125	356
B1AJI8.1	Q8EPH6.1	41.509	212	122	2	3	212	9	220	1.36e-125	356
B1AJI8.1	Q30Q92.1	42.254	213	121	2	2	212	9	221	1.44e-125	356
B1AJI8.1	A5FFT1.1	41.589	214	122	3	2	212	8	221	1.45e-125	356
B1AJI8.1	A4TKZ2.1	42.593	216	120	3	1	212	5	220	1.49e-125	356
B1AJI8.1	A9KP29.1	42.723	213	119	3	3	212	8	220	1.51e-125	356
B1AJI8.1	A7NAN4.1	44.907	216	115	3	1	212	1	216	1.88e-125	356
B1AJI8.1	A7GVX1.1	44.601	213	115	3	2	212	13	224	2.68e-125	356
B1AJI8.1	Q92EQ0.1	40.845	213	124	2	2	212	4	216	3.51e-125	355
B1AJI8.1	A7FFS4.1	42.593	216	120	3	1	212	5	220	3.82e-125	355
B1AJI8.1	Q8PFZ6.1	43.925	214	117	3	2	212	13	226	4.53e-125	355
B1AJI8.1	B0VD25.1	43.721	215	117	4	2	212	19	233	4.75e-125	355
B1AJI8.1	B9E8N2.1	39.906	213	127	1	1	212	1	213	5.08e-125	355
B1AJI8.1	Q74K70.1	40.758	211	124	1	3	212	9	219	5.46e-125	355
B1AJI8.1	Q9RWH9.1	37.559	213	129	3	3	212	27	238	5.66e-125	355
B1AJI8.1	Q03KM6.1	39.151	212	127	2	2	212	5	215	5.89e-125	354
B1AJI8.1	A3M500.2	43.721	215	117	4	2	212	19	233	6.38e-125	355
B1AJI8.1	Q9K3Z0.1	36.150	213	133	3	2	212	10	221	6.73e-125	355
B1AJI8.1	Q723S4.1	41.784	213	122	2	2	212	4	216	6.86e-125	354
B1AJI8.1	Q8Y9X7.1	41.784	213	122	2	2	212	4	216	7.09e-125	354
B1AJI8.1	Q827B3.1	35.681	213	134	3	2	212	10	221	1.15e-124	354
B1AJI8.1	B0VMZ7.1	43.721	215	117	4	2	212	19	233	1.93e-124	354
B1AJI8.1	B2GAM7.1	40.566	212	124	2	3	212	9	220	2.46e-124	353
B1AJI8.1	O84613.1	41.589	214	122	2	2	212	13	226	2.49e-124	353
B1AJI8.1	A3CN85.1	39.151	212	127	2	2	212	5	215	3.02e-124	353
B1AJI8.1	B0B8I2.1	41.589	214	122	2	2	212	13	226	3.78e-124	353
B1AJI8.1	A4VV30.1	40.566	212	124	2	2	212	5	215	4.89e-124	352
B1AJI8.1	B0RWT2.1	43.925	214	117	3	2	212	13	226	4.94e-124	353
B1AJI8.1	A8AXM4.1	40.094	212	125	2	2	212	5	215	6.64e-124	351
B1AJI8.1	A0M1V1.1	47.196	214	110	3	2	212	8	221	7.32e-124	351
B1AJI8.1	Q821F7.1	42.326	215	121	2	1	212	12	226	1.23e-123	351
B1AJI8.1	Q9LIH6.1	40.553	217	123	3	2	212	112	328	1.92e-123	355
B1AJI8.1	Q9PJD2.1	41.589	214	122	2	2	212	13	226	2.00e-123	351
B1AJI8.1	B3WCZ5.1	38.863	211	128	1	3	212	9	219	2.86e-123	350
B1AJI8.1	B2SJF5.1	42.991	214	119	3	2	212	13	226	3.29e-123	351
B1AJI8.1	Q5L4Q4.1	40.465	215	125	2	1	212	12	226	5.66e-123	350
B1AJI8.1	Q1IWN1.1	38.208	212	128	3	3	212	26	236	5.80e-123	350
B1AJI8.1	Q3IG47.1	41.860	215	120	4	3	212	4	218	1.39e-122	348
B1AJI8.1	Q6F9Y2.1	45.116	215	114	4	2	212	19	233	1.99e-122	349
B1AJI8.1	Q03SK6.1	40.654	214	123	3	3	212	9	222	2.16e-122	349
B1AJI8.1	Q256I7.1	42.326	215	121	2	1	212	12	226	4.12e-122	348
B1AJI8.1	P0A4P3.1	38.679	212	128	2	2	212	5	215	4.62e-122	347
B1AJI8.1	A8YUE7.1	40.284	211	125	1	3	212	10	220	6.64e-122	347
B1AJI8.1	A7ZAZ4.1	43.662	213	117	3	2	212	13	224	7.14e-122	347
B1AJI8.1	Q8DTV8.1	40.566	212	124	2	2	212	5	215	7.82e-122	346
B1AJI8.1	Q5FL46.1	41.232	211	123	1	3	212	10	220	8.45e-122	347
B1AJI8.1	Q64QI5.1	39.906	213	126	2	2	212	8	220	9.59e-122	346
B1AJI8.1	Q9PA28.2	41.121	214	123	3	2	212	21	234	9.86e-122	348
B1AJI8.1	Q5LA67.1	39.906	213	126	2	2	212	8	220	1.06e-121	346
B1AJI8.1	Q04BG7.1	39.336	211	127	1	3	212	9	219	1.20e-121	346
B1AJI8.1	B2IAB2.1	41.121	214	123	3	2	212	21	234	2.61e-121	346
B1AJI8.1	A7I0A8.1	45.794	214	112	4	2	212	13	225	2.84e-121	346
B1AJI8.1	A0RM89.1	45.070	213	114	3	2	212	13	224	2.88e-121	345
B1AJI8.1	B1IBW9.1	40.094	212	125	2	2	212	5	215	3.25e-121	345
B1AJI8.1	P29950.1	41.262	206	118	3	10	212	1	206	3.55e-121	345
B1AJI8.1	Q1GB22.1	39.336	211	127	1	3	212	9	219	3.79e-121	345
B1AJI8.1	Q8EB78.1	40.741	216	124	3	1	212	1	216	3.80e-121	345
B1AJI8.1	B0U620.1	40.654	214	124	3	2	212	21	234	3.92e-121	346
B1AJI8.1	Q9PJ40.1	44.131	213	115	4	3	212	17	228	1.05e-120	344
B1AJI8.1	Q5HX80.1	44.601	213	114	4	3	212	17	228	1.18e-120	344
B1AJI8.1	A1VXG9.1	44.601	213	114	4	3	212	17	228	1.25e-120	344
B1AJI8.1	A8EWN8.1	43.256	215	119	2	1	212	1	215	2.38e-120	343
B1AJI8.1	C1CKR8.1	38.679	212	128	2	2	212	5	215	5.44e-120	342
B1AJI8.1	B5RKV2.1	44.393	214	115	3	2	211	8	221	6.71e-120	342
B1AJI8.1	B8ZQ48.1	38.679	212	128	2	2	212	5	215	8.07e-120	341
B1AJI8.1	Q8R634.1	39.623	212	126	2	3	212	8	219	9.49e-120	341
B1AJI8.1	B5E4R3.1	38.679	212	128	2	2	212	5	215	1.17e-119	341
B1AJI8.1	A8FJP1.1	43.662	213	116	4	3	212	17	228	1.35e-119	341
B1AJI8.1	A7H1G3.1	45.070	213	113	4	3	212	17	228	1.72e-119	341
B1AJI8.1	Q9Z7D3.1	39.070	215	128	2	1	212	19	233	2.28e-119	341
B1AJI8.1	C0M7J9.1	38.208	212	129	2	2	212	5	215	4.61e-119	340
B1AJI8.1	B8D787.1	40.930	215	124	2	1	212	3	217	4.80e-119	340
B1AJI8.1	B2S1N8.1	43.925	214	116	3	2	211	8	221	4.93e-119	340
B1AJI8.1	B4U3D4.1	38.208	212	129	2	2	212	5	215	6.06e-119	339
B1AJI8.1	B9DSB9.1	39.623	212	126	2	2	212	5	215	6.55e-119	339
B1AJI8.1	C0ME57.1	37.736	212	130	2	2	212	5	215	9.40e-119	338
B1AJI8.1	B5RQN2.1	43.925	214	116	3	2	211	8	221	1.27e-118	338
B1AJI8.1	A1QYK3.1	44.393	214	115	3	2	211	8	221	2.85e-118	338
B1AJI8.1	Q7MA00.1	39.252	214	126	4	2	212	14	226	3.09e-118	338
B1AJI8.1	A5EVB8.1	40.465	215	123	4	2	212	14	227	1.16e-117	336
B1AJI8.1	B9KEK7.1	43.458	214	117	4	2	212	13	225	1.38e-117	336
B1AJI8.1	Q48U05.1	41.232	211	122	2	3	212	6	215	1.68e-117	335
B1AJI8.1	Q1JC76.1	40.758	211	123	2	3	212	6	215	7.29e-117	334
B1AJI8.1	Q057V4.1	43.256	215	119	2	1	212	7	221	9.07e-117	334
B1AJI8.1	A2RF00.1	40.758	211	123	2	3	212	6	215	1.16e-116	333
B1AJI8.1	P59465.1	43.056	216	119	3	1	212	7	222	1.22e-116	333
B1AJI8.1	P53766.2	42.130	216	118	4	3	212	128	342	1.50e-116	338
B1AJI8.1	B5XL20.1	41.232	211	122	2	3	212	6	215	1.52e-116	333
B1AJI8.1	Q1J724.1	40.758	211	123	2	3	212	6	215	2.36e-116	333
B1AJI8.1	B7J0Y9.1	45.327	214	113	3	2	211	8	221	3.91e-116	332
B1AJI8.1	Q662W1.1	43.925	214	116	3	2	211	8	221	4.55e-116	332
B1AJI8.1	P0DG74.1	40.758	211	123	2	3	212	6	215	6.25e-116	331
B1AJI8.1	A1SUE5.1	39.352	216	127	3	1	212	1	216	8.02e-116	331
B1AJI8.1	Q8P1B6.1	40.758	211	123	2	3	212	6	215	8.87e-116	331
B1AJI8.1	Q0SPB2.1	44.393	214	115	3	2	211	8	221	1.30e-115	331
B1AJI8.1	Q5XCK3.1	40.284	211	124	2	3	212	6	215	9.46e-115	328
B1AJI8.1	Q7VRQ7.1	41.204	216	123	3	1	212	4	219	4.88e-114	327
B1AJI8.1	Q9U221.1	40.278	216	123	4	2	212	65	279	5.35e-114	329
B1AJI8.1	Q07YI6.1	39.720	214	125	3	3	212	5	218	5.14e-113	324
B1AJI8.1	B1MXY4.1	40.566	212	124	2	2	212	7	217	5.48e-113	324
B1AJI8.1	B5ZC55.1	88.679	212	24	0	1	212	1	212	6.50e-112	321
B1AJI8.1	Q7P1I1.1	39.437	213	126	3	3	212	15	227	4.25e-111	320
B1AJI8.1	Q03W63.1	39.437	213	126	3	2	212	7	218	2.62e-110	317
B1AJI8.1	Q7VGS1.1	40.724	221	118	5	3	212	14	232	2.66e-110	318
B1AJI8.1	B1AJI8.1	100.000	212	0	0	1	212	1	212	6.99e-110	316
B1AJI8.1	Q032L5.1	38.498	213	127	3	3	212	6	217	3.18e-109	314
B1AJI8.1	A2RHW2.1	38.498	213	127	3	3	212	6	217	5.03e-109	314
B1AJI8.1	Q9CIX2.1	38.498	213	127	3	3	212	6	217	9.82e-109	313
B1AJI8.1	B2UDL1.1	37.387	222	124	6	3	212	39	257	2.79e-108	314
B1AJI8.1	O74834.1	37.788	217	129	4	2	212	85	301	1.76e-107	314
B1AJI8.1	P12887.1	34.783	230	131	5	2	212	105	334	3.31e-107	314
B1AJI8.1	Q8XVE4.1	36.036	222	127	6	3	212	42	260	3.93e-106	308
B1AJI8.1	A1UEC0.1	35.514	214	131	6	3	212	14	224	2.37e-105	305
B1AJI8.1	P28866.1	36.449	214	131	4	2	212	98	309	6.01e-104	304
B1AJI8.1	P52506.1	35.981	214	132	4	2	212	101	312	6.35e-104	305
B1AJI8.1	P52507.1	35.981	214	132	4	2	212	102	313	1.18e-103	304
B1AJI8.1	Q315T1.1	35.294	204	122	3	19	212	30	233	6.10e-103	299
B1AJI8.1	A0QV01.1	33.645	214	135	6	3	212	14	224	1.15e-102	298
B1AJI8.1	A4TE31.1	34.579	214	131	7	3	212	14	222	2.64e-102	297
B1AJI8.1	Q7VUM8.1	37.037	216	127	6	3	212	23	235	3.87e-102	298
B1AJI8.1	Q7W1Y7.1	37.037	216	127	6	3	212	23	235	5.68e-102	297
B1AJI8.1	Q7WQW5.1	37.037	216	127	6	3	212	23	235	6.92e-102	297
B1AJI8.1	A1T717.1	34.112	214	132	7	3	212	14	222	1.05e-101	296
B1AJI8.1	A0QJA9.1	34.112	214	134	6	3	212	14	224	1.97e-101	295
B1AJI8.1	Q73VJ7.1	34.112	214	134	6	3	212	14	224	2.14e-101	295
B1AJI8.1	B2HIJ2.1	33.178	214	136	6	3	212	14	224	3.59e-101	294
B1AJI8.1	B8ZS02.1	33.178	214	136	6	3	212	14	224	3.83e-101	294
B1AJI8.1	A0PQ07.1	33.178	214	136	6	3	212	14	224	4.32e-101	294
B1AJI8.1	P12888.1	36.652	221	128	5	3	212	34	253	1.36e-100	294
B1AJI8.1	P53765.2	34.685	222	133	5	2	212	32	252	5.84e-100	293
B1AJI8.1	Q8FPQ4.1	36.574	216	127	7	2	212	26	236	6.26e-100	292
B1AJI8.1	Q5YRZ2.1	32.710	214	137	6	3	212	14	224	2.30e-99	290
B1AJI8.1	B1MDP0.1	33.178	214	135	7	3	212	14	223	1.54e-98	288
B1AJI8.1	P28275.1	33.645	214	137	4	2	212	42	253	2.26e-98	288
B1AJI8.1	O36395.1	35.747	221	130	5	3	212	30	249	2.96e-98	288
B1AJI8.1	P10186.1	33.645	214	137	4	2	212	121	332	3.10e-98	291
B1AJI8.1	Q2L0Y2.1	37.615	218	127	6	2	212	22	237	6.50e-98	287
B1AJI8.1	Q21SE9.1	36.957	230	123	6	3	212	23	250	7.48e-98	287
B1AJI8.1	Q1GHJ4.1	40.758	211	118	3	3	212	17	221	8.77e-98	286
B1AJI8.1	Q47Q90.1	34.112	214	132	7	3	212	17	225	1.46e-97	285
B1AJI8.1	A9IGW1.1	36.986	219	128	7	2	212	22	238	3.55e-97	285
B1AJI8.1	Q98PV4.1	37.559	213	129	4	3	212	7	218	4.22e-97	284
B1AJI8.1	P09307.1	35.814	215	132	5	2	212	90	302	7.04e-96	284
B1AJI8.1	Q9J3N2.1	35.814	215	132	5	2	212	90	302	9.46e-96	284
B1AJI8.1	P53764.1	37.129	202	122	4	14	212	2	201	7.50e-95	277
B1AJI8.1	Q8G3E9.1	35.238	210	123	6	13	212	5	211	7.58e-95	278
B1AJI8.1	P13158.1	33.019	212	137	4	2	210	82	291	1.01e-94	281
B1AJI8.1	Q9E6R2.1	37.156	218	126	5	2	212	96	309	1.30e-94	281
B1AJI8.1	A1SNW4.1	31.308	214	138	7	3	212	17	225	2.07e-94	277
B1AJI8.1	Q9EX12.1	34.579	214	131	7	3	212	14	222	2.15e-94	277
B1AJI8.1	Q01019.1	35.294	221	131	6	3	212	30	249	6.93e-94	277
B1AJI8.1	Q9ZJN9.1	35.266	207	121	5	1	196	11	215	1.26e-93	276
B1AJI8.1	Q1CRR1.1	34.742	213	125	7	1	201	11	221	1.50e-93	275
B1AJI8.1	B5Z8Z4.1	35.749	207	120	5	1	196	11	215	2.25e-93	275
B1AJI8.1	F5HFA1.1	36.937	222	128	5	2	212	30	250	2.58e-93	276
B1AJI8.1	P52447.1	36.111	216	131	5	3	212	36	250	9.78e-93	274
B1AJI8.1	B2UVB0.1	34.597	211	125	6	1	200	11	219	1.01e-92	273
B1AJI8.1	Q82MX6.1	32.243	214	136	7	3	212	14	222	1.18e-92	273
B1AJI8.1	A1KMX0.1	33.178	214	136	6	3	212	14	224	1.49e-92	272
B1AJI8.1	Q8NQU9.1	32.500	240	124	6	2	212	22	252	2.15e-92	273
B1AJI8.1	F5HI85.1	34.579	214	135	4	3	212	34	246	4.61e-92	272
B1AJI8.1	P56397.1	34.783	207	122	5	1	196	11	215	4.66e-92	272
B1AJI8.1	P52345.1	35.185	216	133	5	3	212	36	250	5.26e-92	272
B1AJI8.1	B6JNI4.1	35.749	207	120	5	1	196	11	215	2.35e-91	270
B1AJI8.1	P50639.1	35.321	218	134	5	1	212	32	248	3.64e-91	270
B1AJI8.1	Q17Z05.1	33.493	209	126	5	1	198	11	217	8.63e-91	268
B1AJI8.1	A8LD98.1	33.178	214	134	7	3	212	14	222	2.71e-90	267
B1AJI8.1	P67078.1	32.558	215	138	6	2	212	16	227	4.96e-90	266
B1AJI8.1	Q4A8N4.1	38.318	214	129	3	1	212	5	217	2.18e-89	264
B1AJI8.1	Q6UDG6.1	32.558	215	138	5	2	212	148	359	7.81e-84	255
B1AJI8.1	Q5UPT2.1	25.738	237	149	6	2	212	133	368	2.22e-73	229
B1AJI8.1	P75536.1	35.909	220	129	6	2	212	15	231	3.32e-71	219
B1AJI8.1	P47343.1	34.222	225	126	9	2	212	17	233	2.09e-70	217
B1AJI8.1	P21968.2	22.703	185	121	9	34	212	44	212	1.37e-08	56.1
B1AJI8.1	P04303.2	17.972	217	139	13	12	212	19	212	0.002	41.5
B1AJI8.1	Q91UM2.1	17.972	217	139	13	12	212	19	212	0.002	41.5
B1AJI8.1	P20536.1	17.972	217	139	13	12	212	19	212	0.003	40.7
B1AJI8.1	P0DSP8.1	17.972	217	139	13	12	212	19	212	0.003	40.7
B1AJI8.1	M1LL92.1	18.349	218	137	13	12	212	19	212	0.007	39.5
# PSIBLAST 2.12.0+
# Iteration: 3
# Query: B1AJI8.1 RecName: Full=Uracil-DNA glycosylase; Short=UDG [Ureaplasma parvum serovar 3 str. ATCC 27815] >Q9PPU2.1 RecName: Full=Uracil-DNA glycosylase; Short=UDG [Ureaplasma parvum serovar 3 str. ATCC 700970]
# Database: ../../data/swissprot
# Fields: query acc.ver, subject acc.ver, % identity, alignment length, mismatches, gap opens, q. start, q. end, s. start, s. end, evalue, bit score
# 314 hits found
B1AJI8.1	B7GMM1.1	41.038	212	123	2	3	212	9	220	2.19e-140	393
B1AJI8.1	Q836Z5.1	41.784	213	122	2	2	212	8	220	4.06e-140	393
B1AJI8.1	P39615.1	38.967	213	128	2	2	212	8	220	6.28e-140	392
B1AJI8.1	C6DC11.1	44.444	216	116	3	1	212	5	220	4.82e-139	390
B1AJI8.1	A8GI39.1	41.667	216	122	3	1	212	5	220	5.25e-139	390
B1AJI8.1	C5D9T3.1	41.509	212	122	2	3	212	8	219	7.98e-139	390
B1AJI8.1	A1JKI8.1	43.056	216	119	3	1	212	5	220	8.25e-139	390
B1AJI8.1	Q2NS03.1	41.204	216	123	3	1	212	5	220	1.18e-138	389
B1AJI8.1	Q5KUD0.1	40.566	212	124	2	3	212	8	219	1.61e-138	389
B1AJI8.1	C1DQR0.1	42.991	214	119	3	2	212	13	226	1.96e-138	389
B1AJI8.1	A7ZA24.1	38.498	213	129	2	2	212	8	220	3.07e-138	388
B1AJI8.1	A7GVE5.1	39.623	212	126	2	3	212	9	220	5.28e-138	388
B1AJI8.1	A6TCJ2.1	42.130	216	121	3	1	212	5	220	1.69e-137	387
B1AJI8.1	Q5L9D9.1	41.315	213	123	2	2	212	8	220	2.36e-137	386
B1AJI8.1	A4ITQ2.1	40.094	212	125	2	3	212	8	219	2.95e-137	386
B1AJI8.1	A6L7T5.1	41.315	213	123	2	2	212	8	220	3.32e-137	385
B1AJI8.1	A8FIM7.1	40.845	213	124	2	2	212	8	220	3.53e-137	385
B1AJI8.1	Q0T1S6.1	41.204	216	123	3	1	212	5	220	3.76e-137	385
B1AJI8.1	Q1I5T6.1	41.589	214	122	3	2	212	12	225	5.35e-137	385
B1AJI8.1	Q6D208.1	43.519	216	118	3	1	212	5	220	6.07e-137	385
B1AJI8.1	Q7N1U8.1	41.667	216	122	3	1	212	5	220	6.10e-137	385
B1AJI8.1	A8A392.1	41.204	216	123	3	1	212	5	220	6.72e-137	385
B1AJI8.1	Q88N05.1	41.121	214	123	3	2	212	12	225	7.85e-137	385
B1AJI8.1	B5Z154.1	41.667	216	122	3	1	212	5	220	9.54e-137	385
B1AJI8.1	A1AEB0.1	41.204	216	123	3	1	212	5	220	1.24e-136	384
B1AJI8.1	B7NRN6.1	41.667	216	122	3	1	212	5	220	1.37e-136	384
B1AJI8.1	B7MYL3.1	41.204	216	123	3	1	212	5	220	1.69e-136	384
B1AJI8.1	Q8FF08.3	41.204	216	123	3	1	212	5	220	1.94e-136	384
B1AJI8.1	A6VAM7.1	43.458	214	118	3	2	212	13	226	2.31e-136	383
B1AJI8.1	B4RLL6.1	43.256	215	118	3	2	212	3	217	2.33e-136	383
B1AJI8.1	Q9K682.1	40.094	212	125	2	3	212	8	219	2.34e-136	383
B1AJI8.1	B5XNF8.1	41.204	216	123	3	1	212	5	220	2.50e-136	383
B1AJI8.1	P43731.1	42.791	215	119	3	2	212	3	217	2.63e-136	383
B1AJI8.1	A8MM35.1	40.566	212	124	2	3	212	9	220	3.05e-136	383
B1AJI8.1	A5W8H2.1	41.121	214	123	3	2	212	12	225	3.85e-136	383
B1AJI8.1	A5F5R5.1	43.056	216	119	3	1	212	5	220	4.54e-136	383
B1AJI8.1	B4F058.1	41.667	216	122	3	1	212	5	220	4.64e-136	383
B1AJI8.1	B7LUY5.1	41.204	216	123	3	1	212	5	220	5.52e-136	383
B1AJI8.1	Q02HQ1.1	42.991	214	119	3	2	212	13	226	5.67e-136	383
B1AJI8.1	A8AD07.1	41.667	216	122	3	1	212	5	220	6.02e-136	383
B1AJI8.1	B0KV50.1	42.056	214	121	3	2	212	12	225	6.10e-136	383
B1AJI8.1	Q4KGS0.1	40.654	214	124	3	2	212	12	225	6.45e-136	382
B1AJI8.1	Q65DN9.1	40.376	213	125	2	2	212	8	220	9.97e-136	382
B1AJI8.1	A4WDE9.1	42.130	216	121	3	1	212	5	220	1.03e-135	382
B1AJI8.1	B2TQZ9.1	41.509	212	122	2	3	212	9	220	1.40e-135	382
B1AJI8.1	Q8A5V6.1	41.784	213	122	2	2	212	8	220	1.80e-135	381
B1AJI8.1	A9LZA2.1	43.256	215	118	3	2	212	3	217	2.02e-135	381
B1AJI8.1	A9MGV9.1	42.130	216	121	3	1	212	5	220	2.48e-135	381
B1AJI8.1	B5F228.1	42.130	216	121	3	1	212	5	220	3.44e-135	381
B1AJI8.1	Q3KGL4.1	39.720	214	126	3	2	212	12	225	3.46e-135	381
B1AJI8.1	A1KU26.1	43.256	215	118	3	2	212	3	217	4.08e-135	380
B1AJI8.1	Q630K2.1	40.094	212	125	2	3	212	9	220	4.63e-135	380
B1AJI8.1	B1J4J3.1	42.254	213	120	3	3	212	13	225	4.69e-135	380
B1AJI8.1	B7HYF9.1	40.094	212	125	2	3	212	9	220	4.89e-135	380
B1AJI8.1	A9N0W3.1	41.667	216	122	3	1	212	5	220	5.05e-135	380
B1AJI8.1	Q7MNR0.2	43.056	216	119	3	1	212	5	220	6.89e-135	380
B1AJI8.1	C4LC44.1	41.860	215	121	3	2	212	3	217	1.70e-134	378
B1AJI8.1	B0UWA7.1	43.721	215	117	3	2	212	3	217	1.70e-134	378
B1AJI8.1	B2VEC7.1	41.204	216	123	3	1	212	5	220	1.81e-134	379
B1AJI8.1	Q72X51.1	40.094	212	125	2	3	212	9	220	2.03e-134	378
B1AJI8.1	A6M317.1	45.755	212	113	2	3	212	9	220	2.77e-134	378
B1AJI8.1	Q9JUC4.1	43.256	215	118	3	2	212	3	217	3.87e-134	378
B1AJI8.1	Q92LU5.1	40.654	214	124	3	2	212	10	223	4.57e-134	378
B1AJI8.1	C3KDS6.1	38.785	214	128	3	2	212	12	225	5.65e-134	378
B1AJI8.1	Q87SC4.1	43.256	215	118	3	2	212	6	220	6.11e-134	377
B1AJI8.1	A0KMZ1.1	43.256	215	118	3	2	212	3	217	7.05e-134	377
B1AJI8.1	Q65VN0.1	44.651	215	115	3	2	212	3	217	7.73e-134	377
B1AJI8.1	Q5WAZ9.1	40.566	212	124	2	3	212	8	219	9.62e-134	377
B1AJI8.1	C4Z8Z2.1	42.991	214	119	3	2	212	7	220	9.65e-134	377
B1AJI8.1	Q4L3Q7.1	43.662	213	119	1	1	212	1	213	2.02e-133	376
B1AJI8.1	Q0TUH0.1	43.396	212	118	2	3	212	9	220	2.35e-133	376
B1AJI8.1	A6UDC0.1	41.121	214	123	3	2	212	10	223	2.85e-133	376
B1AJI8.1	Q182G9.1	42.925	212	119	2	3	212	8	219	2.98e-133	375
B1AJI8.1	A4SK71.1	42.326	215	120	3	2	212	3	217	3.00e-133	375
B1AJI8.1	C0Z887.1	36.792	212	132	2	3	212	9	220	3.26e-133	376
B1AJI8.1	Q4ZPC2.1	38.785	214	128	3	2	212	12	225	3.89e-133	375
B1AJI8.1	Q8XNR7.1	43.868	212	117	2	3	212	9	220	5.17e-133	375
B1AJI8.1	A7MS85.1	40.930	215	123	3	2	212	6	220	5.78e-133	375
B1AJI8.1	Q87XE2.1	38.318	214	129	3	2	212	12	225	5.91e-133	375
B1AJI8.1	A9VSJ0.1	39.623	212	126	2	3	212	9	220	7.42e-133	375
B1AJI8.1	B7HG60.1	39.623	212	126	2	3	212	9	220	7.93e-133	375
B1AJI8.1	Q48ET5.1	39.437	213	126	3	3	212	13	225	7.94e-133	375
B1AJI8.1	B6J738.1	42.523	214	120	3	2	212	9	222	8.55e-133	375
B1AJI8.1	Q0SWB8.1	42.925	212	119	2	3	212	9	220	9.98e-133	374
B1AJI8.1	Q4QPM6.1	41.860	215	121	3	2	212	3	217	1.08e-132	374
B1AJI8.1	B8F6C3.1	43.458	214	118	3	2	212	3	216	1.16e-132	374
B1AJI8.1	A5UBC0.1	42.326	215	120	3	2	212	3	217	1.17e-132	374
B1AJI8.1	B8FSV8.1	41.981	212	120	3	3	212	8	218	1.18e-132	374
B1AJI8.1	A3MZ80.1	44.651	215	115	3	2	212	3	217	1.93e-132	373
B1AJI8.1	Q83CW4.1	42.523	214	120	3	2	212	9	222	2.22e-132	373
B1AJI8.1	B3ERG6.1	45.070	213	115	2	2	212	8	220	2.42e-132	373
B1AJI8.1	Q8UCM8.1	42.523	214	120	3	2	212	15	228	2.44e-132	374
B1AJI8.1	A5VIJ2.1	41.038	212	123	2	3	212	9	220	2.65e-132	373
B1AJI8.1	B9DKT3.1	42.254	213	122	1	1	212	1	213	2.74e-132	373
B1AJI8.1	B6EKY3.1	40.000	215	125	3	2	212	4	218	3.22e-132	373
B1AJI8.1	C3LFS7.1	39.623	212	126	2	3	212	9	220	3.26e-132	373
B1AJI8.1	B5FAJ7.1	40.278	216	125	3	1	212	3	218	4.28e-132	373
B1AJI8.1	Q5E2Y8.1	41.204	216	123	3	1	212	3	218	4.52e-132	373
B1AJI8.1	A9KCD5.2	42.991	214	119	3	2	212	9	222	6.16e-132	372
B1AJI8.1	Q92CI1.1	42.453	212	120	2	3	212	8	219	6.63e-132	372
B1AJI8.1	A0RLI1.1	39.623	212	126	2	3	212	9	220	6.80e-132	372
B1AJI8.1	Q03GV8.1	42.925	212	119	2	3	212	9	220	6.89e-132	372
B1AJI8.1	Q720K2.1	42.453	212	120	2	3	212	8	219	8.73e-132	372
B1AJI8.1	B7JHM3.1	39.623	212	126	2	3	212	9	220	1.73e-131	371
B1AJI8.1	C1CXS7.1	37.383	214	130	3	2	212	28	240	2.38e-131	371
B1AJI8.1	Q2YS83.1	41.784	213	123	1	1	212	1	213	2.38e-131	370
B1AJI8.1	Q6HAN7.1	39.623	212	126	2	3	212	9	220	2.53e-131	371
B1AJI8.1	Q5R080.1	45.116	215	115	2	1	212	1	215	2.62e-131	370
B1AJI8.1	B7IRS8.1	39.623	212	126	2	3	212	9	220	2.71e-131	371
B1AJI8.1	A5IQD5.1	41.784	213	123	1	1	212	1	213	2.78e-131	370
B1AJI8.1	B6J089.1	42.056	214	121	3	2	212	9	222	3.97e-131	370
B1AJI8.1	P57807.1	42.791	215	119	3	2	212	3	217	5.66e-131	370
B1AJI8.1	Q6GBQ6.1	41.784	213	123	1	1	212	1	213	8.22e-131	369
B1AJI8.1	Q88YG1.1	42.453	212	120	2	3	212	9	220	9.78e-131	369
B1AJI8.1	Q8Y7P6.1	42.925	212	119	2	3	212	8	219	1.05e-130	369
B1AJI8.1	A6VLV4.1	42.791	215	119	3	2	212	3	217	1.71e-130	368
B1AJI8.1	A6TVW5.1	39.151	212	127	2	3	212	8	219	2.05e-130	368
B1AJI8.1	A4IWI7.1	45.370	216	114	3	1	212	1	216	3.18e-130	368
B1AJI8.1	B1YFL0.1	40.845	213	124	2	2	212	4	216	3.51e-130	368
B1AJI8.1	A0Q7Y8.1	45.370	216	114	3	1	212	1	216	6.64e-130	367
B1AJI8.1	B1JRB1.1	42.593	216	120	3	1	212	5	220	1.82e-129	366
B1AJI8.1	A4TKZ2.1	42.593	216	120	3	1	212	5	220	3.39e-129	365
B1AJI8.1	Q49VD1.1	41.784	213	123	1	1	212	1	213	5.60e-129	365
B1AJI8.1	Q74K70.1	40.758	211	124	1	3	212	9	219	6.46e-129	365
B1AJI8.1	Q3BNI2.1	43.925	214	117	3	2	212	13	226	7.38e-129	365
B1AJI8.1	Q38VY5.1	41.706	211	122	1	3	212	9	219	8.55e-129	365
B1AJI8.1	A7FFS4.1	42.593	216	120	3	1	212	5	220	8.91e-129	364
B1AJI8.1	B0TXF5.1	43.056	216	119	3	1	212	1	216	1.29e-128	363
B1AJI8.1	P13051.2	44.860	214	115	2	2	212	97	310	1.39e-128	367
B1AJI8.1	Q7VMC0.1	41.395	215	122	3	2	212	3	217	1.56e-128	363
B1AJI8.1	A7NAN4.1	44.907	216	115	3	1	212	1	216	3.15e-128	363
B1AJI8.1	Q8PFZ6.1	43.925	214	117	3	2	212	13	226	4.04e-128	363
B1AJI8.1	B2RHL6.1	41.589	214	120	3	3	212	10	222	6.04e-128	362
B1AJI8.1	Q9RWH9.1	37.559	213	129	3	3	212	27	238	7.82e-128	363
B1AJI8.1	P97931.3	46.262	214	112	2	2	212	90	303	8.52e-128	365
B1AJI8.1	A9KP29.1	42.723	213	119	3	3	212	8	220	1.23e-127	361
B1AJI8.1	Q8CQ65.1	41.784	213	123	1	1	212	1	213	1.31e-127	361
B1AJI8.1	Q7MXF6.1	41.589	214	120	3	3	212	10	222	1.83e-127	361
B1AJI8.1	B2GAM7.1	40.566	212	124	2	3	212	9	220	2.24e-127	361
B1AJI8.1	Q30Q92.1	42.254	213	121	2	2	212	9	221	2.58e-127	360
B1AJI8.1	B3WCZ5.1	38.863	211	128	1	3	212	9	219	2.85e-127	360
B1AJI8.1	Q5HRG5.1	42.254	213	122	1	1	212	1	213	2.86e-127	360
B1AJI8.1	A5FFT1.1	41.589	214	122	3	2	212	8	221	2.95e-127	360
B1AJI8.1	A3M500.2	43.256	215	118	4	2	212	19	233	3.17e-127	361
B1AJI8.1	B1I012.1	40.187	214	124	3	3	212	9	222	3.80e-127	360
B1AJI8.1	B0VD25.1	43.256	215	118	4	2	212	19	233	4.76e-127	360
B1AJI8.1	Q92EQ0.1	40.845	213	124	2	2	212	4	216	5.11e-127	360
B1AJI8.1	Q827B3.1	35.681	213	134	3	2	212	10	221	7.45e-127	360
B1AJI8.1	B0RWT2.1	43.458	214	118	3	2	212	13	226	8.78e-127	360
B1AJI8.1	B6YR15.1	42.254	213	121	2	2	212	8	220	1.10e-126	359
B1AJI8.1	Q9K3Z0.1	36.150	213	133	3	2	212	10	221	1.17e-126	359
B1AJI8.1	O84613.1	41.121	214	123	2	2	212	13	226	1.23e-126	359
B1AJI8.1	Q8EPH6.1	41.509	212	122	2	3	212	9	220	1.35e-126	359
B1AJI8.1	Q8Y9X7.1	41.784	213	122	2	2	212	4	216	1.42e-126	358
B1AJI8.1	B9E8N2.1	39.906	213	127	1	1	212	1	213	1.74e-126	358
B1AJI8.1	B0B8I2.1	41.121	214	123	2	2	212	13	226	1.92e-126	358
B1AJI8.1	Q723S4.1	41.784	213	122	2	2	212	4	216	2.30e-126	358
B1AJI8.1	B0VMZ7.1	43.256	215	118	4	2	212	19	233	2.60e-126	358
B1AJI8.1	A7GVX1.1	44.601	213	115	3	2	212	13	224	2.93e-126	358
B1AJI8.1	B2SJF5.1	42.991	214	119	3	2	212	13	226	4.55e-126	358
B1AJI8.1	Q821F7.1	41.860	215	122	2	1	212	12	226	7.56e-126	357
B1AJI8.1	A0M1V1.1	46.729	214	111	3	2	212	8	221	9.55e-126	356
B1AJI8.1	Q04BG7.1	39.336	211	127	1	3	212	9	219	9.68e-126	356
B1AJI8.1	Q9PJD2.1	41.121	214	123	2	2	212	13	226	1.04e-125	356
B1AJI8.1	A8YUE7.1	40.284	211	125	1	3	212	10	220	1.32e-125	356
B1AJI8.1	Q6F9Y2.1	44.186	215	116	4	2	212	19	233	2.46e-125	356
B1AJI8.1	Q9LIH6.1	40.553	217	123	3	2	212	112	328	2.47e-125	360
B1AJI8.1	Q1GB22.1	39.336	211	127	1	3	212	9	219	2.60e-125	356
B1AJI8.1	Q5FL46.1	40.758	211	124	1	3	212	10	220	3.46e-125	355
B1AJI8.1	Q5L4Q4.1	40.000	215	126	2	1	212	12	226	3.83e-125	355
B1AJI8.1	Q03KM6.1	38.679	212	128	2	2	212	5	215	3.93e-125	355
B1AJI8.1	A3CN85.1	39.151	212	127	2	2	212	5	215	5.23e-125	355
B1AJI8.1	Q3IG47.1	41.860	215	120	4	3	212	4	218	5.27e-125	355
B1AJI8.1	Q03SK6.1	40.654	214	123	3	3	212	9	222	5.39e-125	355
B1AJI8.1	Q9PA28.2	41.121	214	123	3	2	212	21	234	7.89e-125	355
B1AJI8.1	A4VV30.1	40.566	212	124	2	2	212	5	215	9.77e-125	354
B1AJI8.1	A8AXM4.1	40.094	212	125	2	2	212	5	215	1.30e-124	353
B1AJI8.1	Q1IWN1.1	37.736	212	129	3	3	212	26	236	1.58e-124	354
B1AJI8.1	B2IAB2.1	41.121	214	123	3	2	212	21	234	1.61e-124	355
B1AJI8.1	Q8EB78.1	41.204	216	123	3	1	212	1	216	1.66e-124	353
B1AJI8.1	B0U620.1	40.654	214	124	3	2	212	21	234	2.19e-124	354
B1AJI8.1	Q64QI5.1	39.906	213	126	2	2	212	8	220	2.85e-124	353
B1AJI8.1	Q5LA67.1	39.906	213	126	2	2	212	8	220	3.36e-124	353
B1AJI8.1	P29950.1	40.777	206	119	3	10	212	1	206	3.93e-124	352
B1AJI8.1	Q256I7.1	41.860	215	122	2	1	212	12	226	4.00e-124	353
B1AJI8.1	A7ZAZ4.1	43.662	213	117	3	2	212	13	224	3.55e-123	350
B1AJI8.1	P0A4P3.1	38.208	212	129	2	2	212	5	215	3.09e-122	347
B1AJI8.1	A7I0A8.1	45.327	214	113	4	2	212	13	225	3.18e-122	348
B1AJI8.1	A0RM89.1	45.070	213	114	3	2	212	13	224	6.80e-122	347
B1AJI8.1	Q8DTV8.1	40.094	212	125	2	2	212	5	215	7.42e-122	346
B1AJI8.1	B1IBW9.1	40.094	212	125	2	2	212	5	215	1.21e-121	346
B1AJI8.1	Q8R634.1	39.623	212	126	2	3	212	8	219	1.49e-121	346
B1AJI8.1	Q9Z7D3.1	38.605	215	129	2	1	212	19	233	1.54e-121	346
B1AJI8.1	C0M7J9.1	38.208	212	129	2	2	212	5	215	6.43e-121	344
B1AJI8.1	B4U3D4.1	38.208	212	129	2	2	212	5	215	7.66e-121	344
B1AJI8.1	A5EVB8.1	40.465	215	123	4	2	212	14	227	1.25e-120	344
B1AJI8.1	A8EWN8.1	43.256	215	119	2	1	212	1	215	1.28e-120	343
B1AJI8.1	C1CKR8.1	38.679	212	128	2	2	212	5	215	1.38e-120	343
B1AJI8.1	Q5HX80.1	44.601	213	114	4	3	212	17	228	1.56e-120	344
B1AJI8.1	Q9PJ40.1	44.131	213	115	4	3	212	17	228	1.59e-120	343
B1AJI8.1	B5E4R3.1	38.679	212	128	2	2	212	5	215	1.76e-120	343
B1AJI8.1	B8ZQ48.1	38.679	212	128	2	2	212	5	215	2.15e-120	343
B1AJI8.1	A1VXG9.1	44.601	213	114	4	3	212	17	228	2.44e-120	343
B1AJI8.1	B8D787.1	40.930	215	124	2	1	212	3	217	2.94e-120	343
B1AJI8.1	C0ME57.1	37.736	212	130	2	2	212	5	215	4.28e-120	342
B1AJI8.1	B9DSB9.1	39.151	212	127	2	2	212	5	215	6.71e-120	341
B1AJI8.1	Q7MA00.1	39.252	214	126	4	2	212	14	226	2.30e-119	341
B1AJI8.1	A8FJP1.1	43.662	213	116	4	3	212	17	228	2.52e-119	341
B1AJI8.1	A7H1G3.1	45.070	213	113	4	3	212	17	228	2.87e-119	340
B1AJI8.1	B5RKV2.1	44.393	214	115	3	2	211	8	221	4.58e-119	340
B1AJI8.1	Q48U05.1	40.758	211	123	2	3	212	6	215	7.65e-119	339
B1AJI8.1	B9KEK7.1	42.991	214	118	4	2	212	13	225	2.62e-118	338
B1AJI8.1	P59465.1	43.056	216	119	3	1	212	7	222	2.74e-118	338
B1AJI8.1	Q1JC76.1	40.284	211	124	2	3	212	6	215	3.51e-118	337
B1AJI8.1	A1SUE5.1	39.352	216	127	3	1	212	1	216	4.86e-118	337
B1AJI8.1	B2S1N8.1	43.925	214	116	3	2	211	8	221	6.86e-118	336
B1AJI8.1	B5RQN2.1	43.925	214	116	3	2	211	8	221	7.74e-118	336
B1AJI8.1	B5XL20.1	40.758	211	123	2	3	212	6	215	8.25e-118	336
B1AJI8.1	A1QYK3.1	44.393	214	115	3	2	211	8	221	9.12e-118	336
B1AJI8.1	A2RF00.1	40.284	211	124	2	3	212	6	215	9.30e-118	336
B1AJI8.1	P53766.2	42.130	216	118	4	3	212	128	342	1.40e-117	340
B1AJI8.1	Q1J724.1	40.284	211	124	2	3	212	6	215	1.49e-117	336
B1AJI8.1	P0DG74.1	40.284	211	124	2	3	212	6	215	2.85e-117	335
B1AJI8.1	Q8P1B6.1	40.284	211	124	2	3	212	6	215	3.62e-117	335
B1AJI8.1	Q057V4.1	43.256	215	119	2	1	212	7	221	1.08e-116	334
B1AJI8.1	Q9U221.1	40.278	216	123	4	2	212	65	279	1.38e-116	336
B1AJI8.1	Q5XCK3.1	39.810	211	125	2	3	212	6	215	3.24e-116	332
B1AJI8.1	Q7VRQ7.1	41.204	216	123	3	1	212	4	219	6.04e-116	331
B1AJI8.1	B7J0Y9.1	45.327	214	113	3	2	211	8	221	6.32e-115	329
B1AJI8.1	Q662W1.1	43.925	214	116	3	2	211	8	221	9.91e-115	329
B1AJI8.1	B1MXY4.1	40.566	212	124	2	2	212	7	217	1.61e-114	328
B1AJI8.1	Q07YI6.1	39.720	214	125	3	3	212	5	218	1.92e-114	328
B1AJI8.1	Q0SPB2.1	44.393	214	115	3	2	211	8	221	4.03e-114	327
B1AJI8.1	Q7P1I1.1	39.437	213	126	3	3	212	15	227	4.42e-113	325
B1AJI8.1	B2UDL1.1	37.387	222	124	6	3	212	39	257	5.90e-112	323
B1AJI8.1	Q7VGS1.1	40.724	221	118	5	3	212	14	232	5.56e-111	319
B1AJI8.1	Q03W63.1	39.437	213	126	3	2	212	7	218	5.85e-111	319
B1AJI8.1	O74834.1	37.788	217	129	4	2	212	85	301	6.83e-110	320
B1AJI8.1	Q8XVE4.1	36.036	222	127	6	3	212	42	260	1.05e-109	318
B1AJI8.1	A1UEC0.1	35.514	214	131	6	3	212	14	224	1.37e-109	316
B1AJI8.1	Q032L5.1	38.498	213	127	3	3	212	6	217	7.64e-109	314
B1AJI8.1	P12887.1	35.217	230	130	5	2	212	105	334	1.03e-108	318
B1AJI8.1	Q9CIX2.1	38.498	213	127	3	3	212	6	217	1.61e-108	313
B1AJI8.1	A2RHW2.1	38.498	213	127	3	3	212	6	217	1.63e-108	313
B1AJI8.1	B5ZC55.1	88.679	212	24	0	1	212	1	212	1.29e-107	310
B1AJI8.1	A0QV01.1	33.645	214	135	6	3	212	14	224	2.14e-107	310
B1AJI8.1	A4TE31.1	34.579	214	131	7	3	212	14	222	2.36e-107	310
B1AJI8.1	B2HIJ2.1	33.178	214	136	6	3	212	14	224	5.26e-107	309
B1AJI8.1	A0PQ07.1	33.178	214	136	6	3	212	14	224	6.20e-107	309
B1AJI8.1	P28866.1	36.449	214	131	4	2	212	98	309	9.75e-107	312
B1AJI8.1	A1T717.1	34.112	214	132	7	3	212	14	222	1.07e-106	308
B1AJI8.1	A0QJA9.1	34.112	214	134	6	3	212	14	224	1.08e-106	308
B1AJI8.1	Q73VJ7.1	34.112	214	134	6	3	212	14	224	1.21e-106	308
B1AJI8.1	B8ZS02.1	33.178	214	136	6	3	212	14	224	2.07e-106	308
B1AJI8.1	P52506.1	35.981	214	132	4	2	212	101	312	3.55e-106	310
B1AJI8.1	P52507.1	35.981	214	132	4	2	212	102	313	6.19e-106	310
B1AJI8.1	B1AJI8.1	100.000	212	0	0	1	212	1	212	3.05e-105	304
B1AJI8.1	Q5YRZ2.1	32.710	214	137	6	3	212	14	224	9.14e-105	304
B1AJI8.1	Q315T1.1	35.294	204	122	3	19	212	30	233	1.86e-104	303
B1AJI8.1	P12888.1	36.652	221	128	5	3	212	34	253	7.27e-104	302
B1AJI8.1	Q47Q90.1	34.112	214	132	7	3	212	17	225	7.49e-104	301
B1AJI8.1	Q7VUM8.1	37.037	216	127	6	3	212	23	235	1.44e-103	301
B1AJI8.1	Q7W1Y7.1	37.037	216	127	6	3	212	23	235	2.09e-103	301
B1AJI8.1	Q7WQW5.1	37.037	216	127	6	3	212	23	235	2.46e-103	301
B1AJI8.1	B1MDP0.1	33.178	214	135	7	3	212	14	223	1.52e-102	298
B1AJI8.1	Q8FPQ4.1	36.111	216	128	7	2	212	26	236	1.90e-102	298
B1AJI8.1	P53765.2	35.135	222	132	6	2	212	32	252	5.85e-102	298
B1AJI8.1	P28275.1	33.645	214	137	4	2	212	42	253	8.67e-102	297
B1AJI8.1	P10186.1	33.645	214	137	4	2	212	121	332	1.27e-101	299
B1AJI8.1	O36395.1	35.747	221	130	5	3	212	30	249	3.87e-101	295
B1AJI8.1	Q21SE9.1	36.957	230	123	6	3	212	23	250	1.08e-100	294
B1AJI8.1	Q1GHJ4.1	40.284	211	119	4	3	212	17	221	2.14e-100	293
B1AJI8.1	A1SNW4.1	31.308	214	138	7	3	212	17	225	2.35e-100	293
B1AJI8.1	Q9EX12.1	34.579	214	131	7	3	212	14	222	7.04e-100	291
B1AJI8.1	Q98PV4.1	37.559	213	129	4	3	212	7	218	3.58e-99	289
B1AJI8.1	A9IGW1.1	36.986	219	128	7	2	212	22	238	8.53e-99	289
B1AJI8.1	Q2L0Y2.1	37.900	219	125	7	2	212	22	237	1.77e-98	289
B1AJI8.1	Q8G3E9.1	34.762	210	124	6	13	212	5	211	2.18e-98	287
B1AJI8.1	P13158.1	33.019	212	137	4	2	210	82	291	4.21e-98	289
B1AJI8.1	P09307.1	35.349	215	133	5	2	212	90	302	4.45e-98	289
B1AJI8.1	Q82MX6.1	32.243	214	136	7	3	212	14	222	4.71e-98	286
B1AJI8.1	Q01019.1	34.842	221	132	5	3	212	30	249	4.74e-98	288
B1AJI8.1	Q9J3N2.1	35.349	215	133	5	2	212	90	302	6.59e-98	289
B1AJI8.1	Q9E6R2.1	36.744	215	131	4	2	212	96	309	8.93e-98	289
B1AJI8.1	A1KMX0.1	33.178	214	136	6	3	212	14	224	2.11e-97	285
B1AJI8.1	P53764.1	37.129	202	122	4	14	212	2	201	2.12e-96	281
B1AJI8.1	F5HFA1.1	36.486	222	129	5	2	212	30	250	3.24e-96	283
B1AJI8.1	A8LD98.1	33.178	214	134	7	3	212	14	222	7.16e-96	281
B1AJI8.1	Q8NQU9.1	31.667	240	126	7	2	212	22	252	2.47e-95	281
B1AJI8.1	P67078.1	32.558	215	138	6	2	212	16	227	4.42e-95	279
B1AJI8.1	P52447.1	36.111	216	131	5	3	212	36	250	6.99e-95	279
B1AJI8.1	P52345.1	35.185	216	133	5	3	212	36	250	4.07e-94	277
B1AJI8.1	F5HI85.1	34.579	214	135	4	3	212	34	246	1.20e-93	276
B1AJI8.1	Q1CRR1.1	35.211	213	124	7	1	201	11	221	4.54e-93	274
B1AJI8.1	Q9ZJN9.1	34.928	209	123	5	1	198	11	217	5.12e-93	274
B1AJI8.1	P50639.1	35.321	218	134	5	1	212	32	248	8.87e-93	274
B1AJI8.1	B5Z8Z4.1	35.407	209	122	5	1	198	11	217	1.54e-92	273
B1AJI8.1	B2UVB0.1	34.928	209	123	6	1	198	11	217	3.55e-92	272
B1AJI8.1	P56397.1	34.450	209	124	6	1	198	11	217	1.25e-91	271
B1AJI8.1	Q17Z05.1	33.493	209	126	5	1	198	11	217	2.61e-90	267
B1AJI8.1	B6JNI4.1	35.407	209	122	6	1	198	11	217	3.87e-90	267
B1AJI8.1	Q4A8N4.1	38.318	214	129	3	1	212	5	217	4.29e-89	264
B1AJI8.1	Q6UDG6.1	32.093	215	139	5	2	212	148	359	3.43e-87	264
B1AJI8.1	Q5UPT2.1	25.738	237	149	6	2	212	133	368	1.23e-74	232
B1AJI8.1	P47343.1	34.375	224	127	9	2	212	17	233	3.65e-71	219
B1AJI8.1	P75536.1	35.909	220	129	6	2	212	15	231	5.56e-71	218
B1AJI8.1	P21968.2	22.703	185	121	9	34	212	44	212	1.38e-45	153
B1AJI8.1	Q91UM2.1	16.749	203	156	8	13	212	20	212	5.71e-23	95.0
B1AJI8.1	P20536.1	16.749	203	156	8	13	212	20	212	1.23e-22	93.9
B1AJI8.1	P0DSP8.1	16.749	203	156	8	13	212	20	212	1.42e-22	93.9
B1AJI8.1	P04303.2	16.749	203	156	8	13	212	20	212	2.09e-22	93.5
B1AJI8.1	M1LL92.1	16.749	203	156	8	13	212	20	212	5.87e-22	92.3
B1AJI8.1	P0DSP7.1	16.256	203	157	8	13	212	20	212	2.70e-21	90.4
B1AJI8.1	P32941.1	18.033	183	132	10	34	212	44	212	2.01e-19	85.4
# PSIBLAST 2.12.0+
# Iteration: 4
# Query: B1AJI8.1 RecName: Full=Uracil-DNA glycosylase; Short=UDG [Ureaplasma parvum serovar 3 str. ATCC 27815] >Q9PPU2.1 RecName: Full=Uracil-DNA glycosylase; Short=UDG [Ureaplasma parvum serovar 3 str. ATCC 700970]
# Database: ../../data/swissprot
# Fields: query acc.ver, subject acc.ver, % identity, alignment length, mismatches, gap opens, q. start, q. end, s. start, s. end, evalue, bit score
# 314 hits found
B1AJI8.1	B7GMM1.1	41.038	212	123	2	3	212	9	220	3.82e-137	385
B1AJI8.1	Q836Z5.1	41.315	213	123	2	2	212	8	220	2.03e-136	383
B1AJI8.1	P39615.1	38.967	213	128	2	2	212	8	220	3.86e-136	383
B1AJI8.1	C6DC11.1	44.444	216	116	3	1	212	5	220	5.84e-136	382
B1AJI8.1	A8GI39.1	41.667	216	122	3	1	212	5	220	1.09e-135	382
B1AJI8.1	C5D9T3.1	41.509	212	122	2	3	212	8	219	1.62e-135	381
B1AJI8.1	Q2NS03.1	41.204	216	123	3	1	212	5	220	1.86e-135	381
B1AJI8.1	A1JKI8.1	43.056	216	119	3	1	212	5	220	2.04e-135	381
B1AJI8.1	C1DQR0.1	42.991	214	119	3	2	212	13	226	2.46e-135	381
B1AJI8.1	Q5KUD0.1	40.566	212	124	2	3	212	8	219	2.46e-135	381
B1AJI8.1	A7GVE5.1	39.151	212	127	2	3	212	9	220	1.22e-134	379
B1AJI8.1	A7ZA24.1	38.028	213	130	2	2	212	8	220	1.23e-134	379
B1AJI8.1	Q1I5T6.1	41.589	214	122	3	2	212	12	225	1.92e-134	379
B1AJI8.1	A6TCJ2.1	42.130	216	121	3	1	212	5	220	2.46e-134	378
B1AJI8.1	Q88N05.1	41.121	214	123	3	2	212	12	225	4.13e-134	378
B1AJI8.1	A4ITQ2.1	40.094	212	125	2	3	212	8	219	4.17e-134	378
B1AJI8.1	A8FIM7.1	40.845	213	124	2	2	212	8	220	7.32e-134	377
B1AJI8.1	Q0T1S6.1	41.204	216	123	3	1	212	5	220	7.54e-134	377
B1AJI8.1	A6VAM7.1	43.458	214	118	3	2	212	13	226	1.15e-133	377
B1AJI8.1	Q6D208.1	43.519	216	118	3	1	212	5	220	1.29e-133	377
B1AJI8.1	A8A392.1	41.204	216	123	3	1	212	5	220	1.36e-133	377
B1AJI8.1	Q4KGS0.1	40.654	214	124	3	2	212	12	225	1.49e-133	377
B1AJI8.1	B5Z154.1	41.667	216	122	3	1	212	5	220	1.64e-133	377
B1AJI8.1	A5W8H2.1	41.121	214	123	3	2	212	12	225	1.84e-133	376
B1AJI8.1	A6L7T5.1	41.315	213	123	2	2	212	8	220	2.04e-133	376
B1AJI8.1	Q5L9D9.1	41.315	213	123	2	2	212	8	220	2.20e-133	376
B1AJI8.1	A1AEB0.1	41.204	216	123	3	1	212	5	220	2.21e-133	376
B1AJI8.1	B0KV50.1	42.056	214	121	3	2	212	12	225	2.21e-133	376
B1AJI8.1	B5XNF8.1	41.204	216	123	3	1	212	5	220	2.60e-133	376
B1AJI8.1	Q7N1U8.1	41.667	216	122	3	1	212	5	220	2.79e-133	376
B1AJI8.1	Q02HQ1.1	42.991	214	119	3	2	212	13	226	2.79e-133	376
B1AJI8.1	B7NRN6.1	41.667	216	122	3	1	212	5	220	2.97e-133	376
B1AJI8.1	B7MYL3.1	41.204	216	123	3	1	212	5	220	3.03e-133	376
B1AJI8.1	Q8FF08.3	41.204	216	123	3	1	212	5	220	3.69e-133	375
B1AJI8.1	B4F058.1	41.667	216	122	3	1	212	5	220	5.32e-133	375
B1AJI8.1	Q9K682.1	39.623	212	126	2	3	212	8	219	6.89e-133	375
B1AJI8.1	A8MM35.1	40.094	212	125	2	3	212	9	220	7.62e-133	375
B1AJI8.1	B4RLL6.1	43.256	215	118	3	2	212	3	217	8.85e-133	374
B1AJI8.1	B7LUY5.1	41.204	216	123	3	1	212	5	220	9.91e-133	374
B1AJI8.1	A8AD07.1	41.667	216	122	3	1	212	5	220	1.17e-132	374
B1AJI8.1	A5F5R5.1	43.056	216	119	3	1	212	5	220	1.21e-132	374
B1AJI8.1	B1J4J3.1	42.254	213	120	3	3	212	13	225	1.38e-132	374
B1AJI8.1	A4WDE9.1	42.130	216	121	3	1	212	5	220	1.70e-132	374
B1AJI8.1	Q3KGL4.1	39.720	214	126	3	2	212	12	225	2.12e-132	373
B1AJI8.1	P43731.1	42.791	215	119	3	2	212	3	217	3.12e-132	373
B1AJI8.1	Q65DN9.1	40.376	213	125	2	2	212	8	220	4.60e-132	373
B1AJI8.1	A9LZA2.1	43.256	215	118	3	2	212	3	217	5.40e-132	372
B1AJI8.1	B5F228.1	42.130	216	121	3	1	212	5	220	5.73e-132	372
B1AJI8.1	A9MGV9.1	42.130	216	121	3	1	212	5	220	6.39e-132	372
B1AJI8.1	B2TQZ9.1	41.038	212	123	2	3	212	9	220	6.68e-132	372
B1AJI8.1	C3KDS6.1	38.785	214	128	3	2	212	12	225	1.00e-131	372
B1AJI8.1	A9N0W3.1	41.667	216	122	3	1	212	5	220	1.02e-131	372
B1AJI8.1	Q8A5V6.1	41.784	213	122	2	2	212	8	220	1.08e-131	371
B1AJI8.1	A1KU26.1	43.256	215	118	3	2	212	3	217	1.28e-131	371
B1AJI8.1	Q630K2.1	39.623	212	126	2	3	212	9	220	1.49e-131	371
B1AJI8.1	Q7MNR0.2	43.056	216	119	3	1	212	5	220	1.51e-131	371
B1AJI8.1	B7HYF9.1	39.623	212	126	2	3	212	9	220	1.55e-131	371
B1AJI8.1	C4LC44.1	41.860	215	121	3	2	212	3	217	1.60e-131	371
B1AJI8.1	Q4ZPC2.1	38.785	214	128	3	2	212	12	225	4.27e-131	370
B1AJI8.1	Q92LU5.1	40.654	214	124	3	2	212	10	223	4.49e-131	371
B1AJI8.1	B2VEC7.1	41.204	216	123	3	1	212	5	220	4.83e-131	370
B1AJI8.1	Q87XE2.1	38.318	214	129	3	2	212	12	225	5.15e-131	370
B1AJI8.1	Q72X51.1	39.623	212	126	2	3	212	9	220	6.33e-131	370
B1AJI8.1	Q48ET5.1	39.437	213	126	3	3	212	13	225	9.51e-131	369
B1AJI8.1	A6M317.1	45.755	212	113	2	3	212	9	220	9.92e-131	369
B1AJI8.1	Q87SC4.1	43.256	215	118	3	2	212	6	220	1.20e-130	369
B1AJI8.1	Q9JUC4.1	43.256	215	118	3	2	212	3	217	1.23e-130	369
B1AJI8.1	B0UWA7.1	43.721	215	117	3	2	212	3	217	1.43e-130	369
B1AJI8.1	Q5WAZ9.1	40.566	212	124	2	3	212	8	219	1.73e-130	369
B1AJI8.1	A0KMZ1.1	43.256	215	118	3	2	212	3	217	2.55e-130	368
B1AJI8.1	C4Z8Z2.1	42.991	214	119	3	2	212	7	220	3.07e-130	368
B1AJI8.1	A6UDC0.1	41.121	214	123	3	2	212	10	223	4.20e-130	368
B1AJI8.1	Q182G9.1	42.925	212	119	2	3	212	8	219	4.30e-130	368
B1AJI8.1	C0Z887.1	36.792	212	132	2	3	212	9	220	6.75e-130	367
B1AJI8.1	Q4L3Q7.1	43.662	213	119	1	1	212	1	213	7.03e-130	367
B1AJI8.1	Q65VN0.1	44.651	215	115	3	2	212	3	217	1.15e-129	366
B1AJI8.1	B6J738.1	42.523	214	120	3	2	212	9	222	1.41e-129	366
B1AJI8.1	B7HG60.1	39.151	212	127	2	3	212	9	220	1.46e-129	366
B1AJI8.1	A4SK71.1	42.326	215	120	3	2	212	3	217	1.49e-129	366
B1AJI8.1	Q0TUH0.1	43.396	212	118	2	3	212	9	220	1.59e-129	366
B1AJI8.1	A7MS85.1	40.930	215	123	3	2	212	6	220	2.14e-129	366
B1AJI8.1	B8FSV8.1	41.981	212	120	3	3	212	8	218	2.37e-129	366
B1AJI8.1	Q8XNR7.1	43.868	212	117	2	3	212	9	220	2.49e-129	366
B1AJI8.1	A9VSJ0.1	39.151	212	127	2	3	212	9	220	3.14e-129	365
B1AJI8.1	Q83CW4.1	42.523	214	120	3	2	212	9	222	3.86e-129	365
B1AJI8.1	C3LFS7.1	39.151	212	127	2	3	212	9	220	4.81e-129	365
B1AJI8.1	Q0SWB8.1	42.925	212	119	2	3	212	9	220	5.67e-129	365
B1AJI8.1	C1CXS7.1	37.383	214	130	3	2	212	28	240	6.54e-129	365
B1AJI8.1	B5FAJ7.1	40.278	216	125	3	1	212	3	218	7.12e-129	365
B1AJI8.1	Q8UCM8.1	42.523	214	120	3	2	212	15	228	7.58e-129	365
B1AJI8.1	Q720K2.1	41.981	212	121	2	3	212	8	219	7.60e-129	364
B1AJI8.1	B8F6C3.1	43.458	214	118	3	2	212	3	216	8.40e-129	364
B1AJI8.1	Q92CI1.1	41.981	212	121	2	3	212	8	219	9.78e-129	364
B1AJI8.1	B3ERG6.1	45.070	213	115	2	2	212	8	220	9.79e-129	364
B1AJI8.1	A5VIJ2.1	41.038	212	123	2	3	212	9	220	1.00e-128	364
B1AJI8.1	Q5E2Y8.1	41.204	216	123	3	1	212	3	218	1.12e-128	364
B1AJI8.1	B6EKY3.1	39.535	215	126	3	2	212	4	218	1.14e-128	364
B1AJI8.1	Q03GV8.1	42.925	212	119	2	3	212	9	220	1.14e-128	364
B1AJI8.1	A0RLI1.1	39.151	212	127	2	3	212	9	220	1.32e-128	364
B1AJI8.1	A3MZ80.1	44.651	215	115	3	2	212	3	217	1.42e-128	364
B1AJI8.1	A9KCD5.2	42.523	214	120	3	2	212	9	222	1.72e-128	363
B1AJI8.1	Q4QPM6.1	41.860	215	121	3	2	212	3	217	2.13e-128	363
B1AJI8.1	A5UBC0.1	42.326	215	120	3	2	212	3	217	2.48e-128	363
B1AJI8.1	B9DKT3.1	42.254	213	122	1	1	212	1	213	2.97e-128	363
B1AJI8.1	B7JHM3.1	39.151	212	127	2	3	212	9	220	3.13e-128	363
B1AJI8.1	B7IRS8.1	39.151	212	127	2	3	212	9	220	3.28e-128	363
B1AJI8.1	Q6HAN7.1	39.151	212	127	2	3	212	9	220	4.55e-128	362
B1AJI8.1	B6J089.1	42.056	214	121	3	2	212	9	222	5.48e-128	362
B1AJI8.1	Q8Y7P6.1	42.453	212	120	2	3	212	8	219	8.67e-128	361
B1AJI8.1	A5IQD5.1	41.315	213	124	1	1	212	1	213	1.06e-127	361
B1AJI8.1	Q2YS83.1	41.315	213	124	1	1	212	1	213	1.15e-127	361
B1AJI8.1	Q5R080.1	45.116	215	115	2	1	212	1	215	2.21e-127	360
B1AJI8.1	A6TVW5.1	39.151	212	127	2	3	212	8	219	2.32e-127	361
B1AJI8.1	Q88YG1.1	42.453	212	120	2	3	212	9	220	2.97e-127	361
B1AJI8.1	P57807.1	42.791	215	119	3	2	212	3	217	3.01e-127	360
B1AJI8.1	Q6GBQ6.1	41.315	213	124	1	1	212	1	213	3.25e-127	360
B1AJI8.1	B1YFL0.1	40.845	213	124	2	2	212	4	216	7.42e-127	359
B1AJI8.1	A4IWI7.1	45.370	216	114	3	1	212	1	216	1.57e-126	358
B1AJI8.1	A6VLV4.1	42.791	215	119	3	2	212	3	217	1.72e-126	358
B1AJI8.1	B1JRB1.1	42.593	216	120	3	1	212	5	220	2.74e-126	358
B1AJI8.1	A0Q7Y8.1	45.833	216	113	3	1	212	1	216	4.30e-126	357
B1AJI8.1	Q74K70.1	40.758	211	124	1	3	212	9	219	4.82e-126	358
B1AJI8.1	A4TKZ2.1	42.593	216	120	3	1	212	5	220	5.28e-126	357
B1AJI8.1	Q49VD1.1	41.784	213	123	1	1	212	1	213	7.40e-126	356
B1AJI8.1	Q38VY5.1	41.706	211	122	1	3	212	9	219	8.67e-126	357
B1AJI8.1	Q3BNI2.1	43.925	214	117	3	2	212	13	226	1.16e-125	357
B1AJI8.1	A7FFS4.1	42.593	216	120	3	1	212	5	220	1.40e-125	356
B1AJI8.1	B0TXF5.1	43.056	216	119	3	1	212	1	216	2.05e-125	355
B1AJI8.1	P13051.2	44.860	214	115	2	2	212	97	310	3.41e-125	358
B1AJI8.1	Q7VMC0.1	41.395	215	122	3	2	212	3	217	5.95e-125	355
B1AJI8.1	Q8PFZ6.1	43.925	214	117	3	2	212	13	226	6.27e-125	355
B1AJI8.1	A9KP29.1	42.723	213	119	3	3	212	8	220	7.61e-125	354
B1AJI8.1	B3WCZ5.1	38.863	211	128	1	3	212	9	219	9.54e-125	354
B1AJI8.1	P97931.3	46.262	214	112	2	2	212	90	303	1.34e-124	357
B1AJI8.1	A7NAN4.1	44.907	216	115	3	1	212	1	216	1.45e-124	353
B1AJI8.1	Q9RWH9.1	37.089	213	130	3	3	212	27	238	1.49e-124	355
B1AJI8.1	B2RHL6.1	42.056	214	119	3	3	212	10	222	2.39e-124	353
B1AJI8.1	B2GAM7.1	40.566	212	124	2	3	212	9	220	3.02e-124	353
B1AJI8.1	Q8CQ65.1	41.784	213	123	1	1	212	1	213	3.17e-124	352
B1AJI8.1	O84613.1	41.121	214	123	2	2	212	13	226	3.48e-124	353
B1AJI8.1	A5FFT1.1	41.589	214	122	3	2	212	8	221	5.48e-124	352
B1AJI8.1	B0B8I2.1	41.121	214	123	2	2	212	13	226	5.71e-124	352
B1AJI8.1	Q827B3.1	35.681	213	134	3	2	212	10	221	5.87e-124	352
B1AJI8.1	Q7MXF6.1	42.056	214	119	3	3	212	10	222	6.20e-124	352
B1AJI8.1	Q5HRG5.1	42.254	213	122	1	1	212	1	213	7.61e-124	351
B1AJI8.1	B0RWT2.1	43.458	214	118	3	2	212	13	226	8.61e-124	352
B1AJI8.1	A3M500.2	43.256	215	118	4	2	212	19	233	1.18e-123	352
B1AJI8.1	Q92EQ0.1	40.845	213	124	2	2	212	4	216	1.29e-123	351
B1AJI8.1	B1I012.1	40.187	214	124	3	3	212	9	222	1.33e-123	351
B1AJI8.1	B0VD25.1	43.256	215	118	4	2	212	19	233	1.43e-123	351
B1AJI8.1	B6YR15.1	41.784	213	122	2	2	212	8	220	1.45e-123	351
B1AJI8.1	Q9K3Z0.1	36.150	213	133	3	2	212	10	221	1.46e-123	351
B1AJI8.1	Q30Q92.1	41.784	213	122	2	2	212	9	221	1.46e-123	351
B1AJI8.1	Q821F7.1	41.860	215	122	2	1	212	12	226	1.69e-123	351
B1AJI8.1	Q8Y9X7.1	41.784	213	122	2	2	212	4	216	2.00e-123	351
B1AJI8.1	Q723S4.1	41.784	213	122	2	2	212	4	216	2.54e-123	350
B1AJI8.1	Q9PJD2.1	41.121	214	123	2	2	212	13	226	2.92e-123	350
B1AJI8.1	Q3IG47.1	41.860	215	120	4	3	212	4	218	3.49e-123	350
B1AJI8.1	Q8EPH6.1	41.509	212	122	2	3	212	9	220	3.60e-123	350
B1AJI8.1	Q5L4Q4.1	40.000	215	126	2	1	212	12	226	4.10e-123	350
B1AJI8.1	A8YUE7.1	40.284	211	125	1	3	212	10	220	4.71e-123	350
B1AJI8.1	B9E8N2.1	39.906	213	127	1	1	212	1	213	6.71e-123	349
B1AJI8.1	Q04BG7.1	39.336	211	127	1	3	212	9	219	7.07e-123	350
B1AJI8.1	B2SJF5.1	42.991	214	119	3	2	212	13	226	9.08e-123	350
B1AJI8.1	B0VMZ7.1	43.256	215	118	4	2	212	19	233	9.40e-123	350
B1AJI8.1	A7GVX1.1	44.601	213	115	3	2	212	13	224	1.02e-122	349
B1AJI8.1	A3CN85.1	39.151	212	127	2	2	212	5	215	1.98e-122	348
B1AJI8.1	Q256I7.1	41.860	215	122	2	1	212	12	226	2.01e-122	348
B1AJI8.1	Q1GB22.1	39.336	211	127	1	3	212	9	219	2.02e-122	348
B1AJI8.1	A4VV30.1	40.566	212	124	2	2	212	5	215	2.38e-122	348
B1AJI8.1	Q8EB78.1	41.204	216	123	3	1	212	1	216	2.47e-122	348
B1AJI8.1	Q03KM6.1	38.679	212	128	2	2	212	5	215	2.97e-122	347
B1AJI8.1	Q5FL46.1	40.758	211	124	1	3	212	10	220	3.28e-122	348
B1AJI8.1	Q9LIH6.1	40.092	217	124	3	2	212	112	328	3.83e-122	351
B1AJI8.1	Q6F9Y2.1	44.186	215	116	4	2	212	19	233	4.86e-122	348
B1AJI8.1	Q03SK6.1	40.654	214	123	3	3	212	9	222	8.45e-122	347
B1AJI8.1	A0M1V1.1	46.729	214	111	3	2	212	8	221	1.29e-121	346
B1AJI8.1	Q1IWN1.1	37.736	212	129	3	3	212	26	236	1.39e-121	347
B1AJI8.1	Q9PA28.2	41.121	214	123	3	2	212	21	234	1.42e-121	347
B1AJI8.1	A8AXM4.1	40.094	212	125	2	2	212	5	215	1.55e-121	346
B1AJI8.1	P29950.1	40.777	206	119	3	10	212	1	206	1.66e-121	346
B1AJI8.1	Q64QI5.1	39.906	213	126	2	2	212	8	220	3.12e-121	345
B1AJI8.1	Q5LA67.1	39.906	213	126	2	2	212	8	220	3.37e-121	345
B1AJI8.1	B2IAB2.1	41.121	214	123	3	2	212	21	234	3.58e-121	346
B1AJI8.1	B0U620.1	40.654	214	124	3	2	212	21	234	4.50e-121	346
B1AJI8.1	A7ZAZ4.1	43.662	213	117	3	2	212	13	224	8.73e-120	342
B1AJI8.1	Q8DTV8.1	40.094	212	125	2	2	212	5	215	1.47e-119	341
B1AJI8.1	P0A4P3.1	38.208	212	129	2	2	212	5	215	1.60e-119	340
B1AJI8.1	Q9Z7D3.1	38.605	215	129	2	1	212	19	233	3.26e-119	340
B1AJI8.1	B1IBW9.1	40.094	212	125	2	2	212	5	215	4.30e-119	340
B1AJI8.1	A0RM89.1	45.070	213	114	3	2	212	13	224	1.42e-118	339
B1AJI8.1	A7I0A8.1	44.860	214	114	4	2	212	13	225	1.88e-118	338
B1AJI8.1	C0M7J9.1	38.208	212	129	2	2	212	5	215	4.02e-118	337
B1AJI8.1	B4U3D4.1	38.208	212	129	2	2	212	5	215	5.65e-118	336
B1AJI8.1	C1CKR8.1	38.679	212	128	2	2	212	5	215	6.37e-118	336
B1AJI8.1	B8ZQ48.1	38.679	212	128	2	2	212	5	215	9.56e-118	336
B1AJI8.1	Q8R634.1	39.151	212	127	2	3	212	8	219	1.01e-117	336
B1AJI8.1	B5E4R3.1	38.679	212	128	2	2	212	5	215	1.03e-117	336
B1AJI8.1	C0ME57.1	37.736	212	130	2	2	212	5	215	2.59e-117	335
B1AJI8.1	B9DSB9.1	39.151	212	127	2	2	212	5	215	3.26e-117	335
B1AJI8.1	A5EVB8.1	40.465	215	123	4	2	212	14	227	4.03e-117	335
B1AJI8.1	Q5HX80.1	44.131	213	115	4	3	212	17	228	4.05e-117	335
B1AJI8.1	Q9PJ40.1	43.662	213	116	4	3	212	17	228	4.42e-117	335
B1AJI8.1	A8EWN8.1	42.791	215	120	2	1	212	1	215	5.74e-117	334
B1AJI8.1	A1VXG9.1	44.131	213	115	4	3	212	17	228	8.81e-117	334
B1AJI8.1	B8D787.1	40.930	215	124	2	1	212	3	217	9.30e-117	334
B1AJI8.1	Q7MA00.1	39.720	214	125	4	2	212	14	226	1.52e-116	333
B1AJI8.1	A8FJP1.1	43.192	213	117	4	3	212	17	228	6.61e-116	332
B1AJI8.1	Q48U05.1	40.758	211	123	2	3	212	6	215	8.27e-116	331
B1AJI8.1	A7H1G3.1	44.601	213	114	4	3	212	17	228	1.16e-115	331
B1AJI8.1	P59465.1	43.056	216	119	3	1	212	7	222	1.50e-115	331
B1AJI8.1	B5RKV2.1	44.393	214	115	3	2	211	8	221	2.92e-115	330
B1AJI8.1	B9KEK7.1	42.991	214	118	4	2	212	13	225	3.84e-115	330
B1AJI8.1	Q1JC76.1	40.284	211	124	2	3	212	6	215	3.88e-115	330
B1AJI8.1	A1SUE5.1	39.352	216	127	3	1	212	1	216	4.41e-115	329
B1AJI8.1	B5XL20.1	40.758	211	123	2	3	212	6	215	8.08e-115	329
B1AJI8.1	A2RF00.1	40.284	211	124	2	3	212	6	215	8.82e-115	328
B1AJI8.1	Q1J724.1	40.284	211	124	2	3	212	6	215	2.19e-114	328
B1AJI8.1	P0DG74.1	40.284	211	124	2	3	212	6	215	2.64e-114	327
B1AJI8.1	B5RQN2.1	43.925	214	116	3	2	211	8	221	2.88e-114	328
B1AJI8.1	B2S1N8.1	43.925	214	116	3	2	211	8	221	3.18e-114	327
B1AJI8.1	Q8P1B6.1	40.284	211	124	2	3	212	6	215	3.32e-114	327
B1AJI8.1	Q9U221.1	40.278	216	123	4	2	212	65	279	3.88e-114	330
B1AJI8.1	A1QYK3.1	44.393	214	115	3	2	211	8	221	4.88e-114	327
B1AJI8.1	P53766.2	42.130	216	118	4	3	212	128	342	6.34e-114	331
B1AJI8.1	Q5XCK3.1	39.810	211	125	2	3	212	6	215	2.34e-113	325
B1AJI8.1	Q057V4.1	43.256	215	119	2	1	212	7	221	9.06e-113	324
B1AJI8.1	Q7VRQ7.1	40.278	216	125	3	1	212	4	219	1.71e-112	323
B1AJI8.1	Q07YI6.1	39.720	214	125	3	3	212	5	218	8.93e-112	321
B1AJI8.1	B1MXY4.1	40.566	212	124	2	2	212	7	217	2.19e-111	320
B1AJI8.1	B7J0Y9.1	45.327	214	113	3	2	211	8	221	5.66e-111	319
B1AJI8.1	Q662W1.1	43.925	214	116	3	2	211	8	221	1.04e-110	318
B1AJI8.1	Q7P1I1.1	39.437	213	126	3	3	212	15	227	2.63e-110	318
B1AJI8.1	Q0SPB2.1	44.393	214	115	3	2	211	8	221	3.93e-110	317
B1AJI8.1	B2UDL1.1	37.387	222	124	6	3	212	39	257	2.94e-109	316
B1AJI8.1	Q7VGS1.1	40.271	221	119	5	3	212	14	232	2.44e-108	313
B1AJI8.1	Q03W63.1	39.437	213	126	3	2	212	7	218	1.27e-107	311
B1AJI8.1	O74834.1	37.788	217	129	4	2	212	85	301	1.89e-107	314
B1AJI8.1	Q8XVE4.1	35.586	222	128	6	3	212	42	260	2.25e-107	312
B1AJI8.1	A1UEC0.1	35.514	214	131	6	3	212	14	224	1.78e-106	308
B1AJI8.1	P12887.1	35.217	230	130	5	2	212	105	334	4.82e-106	312
B1AJI8.1	Q032L5.1	38.498	213	127	3	3	212	6	217	5.48e-105	304
B1AJI8.1	A2RHW2.1	38.498	213	127	3	3	212	6	217	1.10e-104	303
B1AJI8.1	Q9CIX2.1	38.498	213	127	3	3	212	6	217	1.13e-104	303
B1AJI8.1	A4TE31.1	34.579	214	131	7	3	212	14	222	1.30e-104	303
B1AJI8.1	A0QV01.1	33.645	214	135	6	3	212	14	224	1.70e-104	303
B1AJI8.1	B5ZC55.1	88.679	212	24	0	1	212	1	212	5.52e-104	301
B1AJI8.1	B8ZS02.1	33.178	214	136	6	3	212	14	224	6.81e-104	301
B1AJI8.1	B2HIJ2.1	33.178	214	136	6	3	212	14	224	7.19e-104	301
B1AJI8.1	A0PQ07.1	33.178	214	136	6	3	212	14	224	7.43e-104	301
B1AJI8.1	P28866.1	36.449	214	131	4	2	212	98	309	1.04e-103	304
B1AJI8.1	A0QJA9.1	33.645	214	135	6	3	212	14	224	2.30e-103	300
B1AJI8.1	Q73VJ7.1	33.645	214	135	6	3	212	14	224	2.56e-103	300
B1AJI8.1	A1T717.1	34.112	214	132	7	3	212	14	222	2.88e-103	300
B1AJI8.1	P52506.1	35.981	214	132	4	2	212	101	312	3.71e-103	303
B1AJI8.1	P52507.1	35.981	214	132	4	2	212	102	313	6.34e-103	302
B1AJI8.1	Q5YRZ2.1	32.710	214	137	6	3	212	14	224	3.18e-102	297
B1AJI8.1	Q315T1.1	35.294	204	122	3	19	212	30	233	8.68e-102	296
B1AJI8.1	B1AJI8.1	100.000	212	0	0	1	212	1	212	2.90e-101	294
B1AJI8.1	Q47Q90.1	34.112	214	132	7	3	212	17	225	6.39e-101	294
B1AJI8.1	Q7VUM8.1	37.037	216	127	6	3	212	23	235	1.54e-100	294
B1AJI8.1	B1MDP0.1	33.178	214	135	7	3	212	14	223	1.74e-100	293
B1AJI8.1	Q7W1Y7.1	37.037	216	127	6	3	212	23	235	2.28e-100	293
B1AJI8.1	Q7WQW5.1	37.037	216	127	6	3	212	23	235	2.87e-100	293
B1AJI8.1	P12888.1	36.652	221	128	5	3	212	34	253	3.05e-100	293
B1AJI8.1	P10186.1	33.645	214	137	4	2	212	121	332	5.22e-100	295
B1AJI8.1	P28275.1	33.645	214	137	4	2	212	42	253	6.21e-100	293
B1AJI8.1	P53765.2	35.135	222	132	6	2	212	32	252	1.94e-99	291
B1AJI8.1	Q8FPQ4.1	36.111	216	128	7	2	212	26	236	2.01e-99	291
B1AJI8.1	Q1GHJ4.1	40.284	211	119	4	3	212	17	221	2.45e-98	288
B1AJI8.1	O36395.1	35.747	221	130	5	3	212	30	249	3.47e-98	288
B1AJI8.1	A1SNW4.1	31.308	214	138	7	3	212	17	225	4.61e-98	287
B1AJI8.1	Q21SE9.1	36.957	230	123	6	3	212	23	250	2.43e-97	286
B1AJI8.1	Q9EX12.1	34.579	214	131	7	3	212	14	222	4.37e-97	284
B1AJI8.1	A9IGW1.1	36.986	219	128	7	2	212	22	238	1.78e-96	284
B1AJI8.1	P13158.1	33.019	212	137	4	2	210	82	291	4.95e-96	284
B1AJI8.1	Q2L0Y2.1	37.900	219	125	7	2	212	22	237	8.59e-96	282
B1AJI8.1	Q98PV4.1	37.559	213	129	4	3	212	7	218	8.62e-96	281
B1AJI8.1	Q8G3E9.1	34.762	210	124	6	13	212	5	211	1.08e-95	280
B1AJI8.1	Q01019.1	34.389	221	133	5	3	212	30	249	1.66e-95	281
B1AJI8.1	P09307.1	35.349	215	133	5	2	212	90	302	1.75e-95	283
B1AJI8.1	Q82MX6.1	32.243	214	136	7	3	212	14	222	1.80e-95	280
B1AJI8.1	Q9E6R2.1	36.744	215	131	4	2	212	96	309	2.18e-95	283
B1AJI8.1	Q9J3N2.1	35.349	215	133	5	2	212	90	302	2.41e-95	283
B1AJI8.1	A1KMX0.1	33.178	214	136	6	3	212	14	224	2.26e-94	277
B1AJI8.1	P53764.1	37.129	202	122	4	14	212	2	201	1.84e-93	274
B1AJI8.1	A8LD98.1	33.178	214	134	7	3	212	14	222	1.93e-93	275
B1AJI8.1	Q8NQU9.1	31.667	240	126	7	2	212	22	252	3.64e-93	275
B1AJI8.1	F5HFA1.1	36.486	222	129	5	2	212	30	250	1.40e-92	274
B1AJI8.1	P67078.1	32.558	215	138	6	2	212	16	227	4.24e-92	272
B1AJI8.1	Q1CRR1.1	35.211	213	124	7	1	201	11	221	4.44e-92	272
B1AJI8.1	B5Z8Z4.1	35.407	209	122	5	1	198	11	217	1.19e-91	271
B1AJI8.1	Q9ZJN9.1	34.928	209	123	5	1	198	11	217	2.31e-91	270
B1AJI8.1	P56397.1	34.450	209	124	6	1	198	11	217	6.26e-91	269
B1AJI8.1	B2UVB0.1	34.928	209	123	6	1	198	11	217	6.68e-91	269
B1AJI8.1	F5HI85.1	34.112	214	136	4	3	212	34	246	1.07e-90	269
B1AJI8.1	P52447.1	36.111	216	131	5	3	212	36	250	1.15e-89	266
B1AJI8.1	P50639.1	35.321	218	134	5	1	212	32	248	1.17e-89	266
B1AJI8.1	Q17Z05.1	33.493	209	126	5	1	198	11	217	1.94e-89	265
B1AJI8.1	B6JNI4.1	35.407	209	122	6	1	198	11	217	6.05e-89	264
B1AJI8.1	P52345.1	35.185	216	133	5	3	212	36	250	1.69e-88	263
B1AJI8.1	Q4A8N4.1	38.318	214	129	3	1	212	5	217	2.43e-86	257
B1AJI8.1	Q6UDG6.1	32.093	215	139	5	2	212	148	359	1.46e-84	257
B1AJI8.1	Q5UPT2.1	25.738	237	149	6	2	212	133	368	7.20e-73	227
B1AJI8.1	P47343.1	33.632	223	130	8	2	212	17	233	1.30e-69	215
B1AJI8.1	P75536.1	35.000	220	131	6	2	212	15	231	3.02e-69	214
B1AJI8.1	Q91UM2.1	16.749	203	156	8	13	212	20	212	2.59e-52	170
B1AJI8.1	P20536.1	16.749	203	156	8	13	212	20	212	6.52e-52	169
B1AJI8.1	P04303.2	16.749	203	156	8	13	212	20	212	1.35e-51	168
B1AJI8.1	P0DSP8.1	16.749	203	156	8	13	212	20	212	1.61e-51	168
B1AJI8.1	M1LL92.1	16.749	203	156	8	13	212	20	212	4.51e-51	167
B1AJI8.1	P0DSP7.1	16.256	203	157	8	13	212	20	212	4.50e-50	164
B1AJI8.1	P21968.2	22.105	190	126	9	29	212	39	212	2.50e-46	155
B1AJI8.1	P32941.1	16.667	198	152	8	18	212	25	212	9.03e-43	146

Search has CONVERGED!
# BLAST processed 4 queries
