# PSIBLAST 2.12.0+
# Iteration: 1
# Query: P39615.1 RecName: Full=Uracil-DNA glycosylase; Short=UDG [Bacillus subtilis subsp. subtilis str. 168]
# Database: ../../data/swissprot
# Fields: query acc.ver, subject acc.ver, % identity, alignment length, mismatches, gap opens, q. start, q. end, s. start, s. end, evalue, bit score
# 307 hits found
P39615.1	P39615.1	100.000	225	0	0	1	225	1	225	2.39e-170	470
P39615.1	A7ZA24.1	88.444	225	26	0	1	225	1	225	4.51e-154	429
P39615.1	Q65DN9.1	82.667	225	39	0	1	225	1	225	9.74e-144	403
P39615.1	A8FIM7.1	73.333	225	60	0	1	225	1	225	5.40e-130	368
P39615.1	A7GVE5.1	68.444	225	71	0	1	225	1	225	1.22e-117	337
P39615.1	C5D9T3.1	69.820	222	67	0	4	225	3	224	4.10e-115	330
P39615.1	B7GMM1.1	67.556	225	73	0	1	225	1	225	7.58e-115	330
P39615.1	A4ITQ2.1	68.468	222	70	0	4	225	3	224	2.16e-113	326
P39615.1	Q5KUD0.1	68.018	222	71	0	4	225	3	224	2.38e-113	326
P39615.1	Q836Z5.1	68.304	224	71	0	1	224	1	224	4.12e-111	320
P39615.1	A9VSJ0.1	65.333	225	78	0	1	225	1	225	1.02e-107	311
P39615.1	Q630K2.1	64.000	225	81	0	1	225	1	225	1.97e-107	311
P39615.1	B7HYF9.1	64.000	225	81	0	1	225	1	225	2.43e-107	311
P39615.1	Q9K682.1	64.865	222	78	0	4	225	3	224	3.40e-107	310
P39615.1	Q6HAN7.1	65.333	225	78	0	1	225	1	225	4.89e-107	310
P39615.1	A0RLI1.1	65.333	225	78	0	1	225	1	225	5.00e-107	310
P39615.1	Q72X51.1	64.000	225	81	0	1	225	1	225	9.34e-107	309
P39615.1	B7JHM3.1	64.889	225	79	0	1	225	1	225	1.63e-106	308
P39615.1	C3LFS7.1	64.889	225	79	0	1	225	1	225	1.78e-106	308
P39615.1	B8FSV8.1	65.471	223	76	1	3	225	2	223	2.44e-106	308
P39615.1	B7HG60.1	63.556	225	82	0	1	225	1	225	1.02e-104	304
P39615.1	B2TQZ9.1	62.667	225	84	0	1	225	1	225	6.23e-104	302
P39615.1	C0Z887.1	64.414	222	79	0	1	222	1	222	8.42e-104	302
P39615.1	B7IRS8.1	63.111	225	83	0	1	225	1	225	1.13e-103	301
P39615.1	Q5WAZ9.1	63.014	219	81	0	4	222	3	221	4.40e-102	298
P39615.1	Q0TUH0.1	61.778	225	86	0	1	225	1	225	4.39e-101	295
P39615.1	A6M317.1	60.000	225	90	0	1	225	1	225	7.26e-101	294
P39615.1	Q0SWB8.1	61.333	225	87	0	1	225	1	225	5.56e-100	292
P39615.1	A8MM35.1	59.821	224	90	0	1	224	1	224	1.12e-99	291
P39615.1	Q8XNR7.1	60.889	225	88	0	1	225	1	225	1.59e-99	291
P39615.1	A5VIJ2.1	61.818	220	84	0	1	220	1	220	2.73e-99	290
P39615.1	Q88YG1.1	59.821	224	90	0	1	224	1	224	1.52e-96	283
P39615.1	Q92CI1.1	58.824	221	91	0	5	225	4	224	1.93e-96	283
P39615.1	B1I012.1	57.589	224	93	1	1	222	1	224	4.58e-96	282
P39615.1	B2GAM7.1	60.455	220	87	0	1	220	1	220	1.43e-95	281
P39615.1	Q720K2.1	58.371	221	92	0	5	225	4	224	1.56e-95	281
P39615.1	Q03GV8.1	60.360	222	88	0	1	222	1	222	4.53e-95	280
P39615.1	Q8Y7P6.1	57.919	221	93	0	5	225	4	224	5.85e-95	279
P39615.1	Q182G9.1	59.276	221	90	0	5	225	4	224	1.67e-94	278
P39615.1	A6TVW5.1	60.000	220	88	0	4	223	3	222	1.98e-94	278
P39615.1	Q8EPH6.1	57.143	224	96	0	1	224	1	224	8.95e-92	271
P39615.1	Q4ZPC2.1	58.559	222	91	1	5	225	9	230	1.80e-91	271
P39615.1	C1DQR0.1	59.276	221	89	1	5	224	10	230	5.33e-91	270
P39615.1	Q1I5T6.1	58.559	222	91	1	5	225	9	230	2.16e-90	268
P39615.1	Q87XE2.1	57.658	222	93	1	5	225	9	230	4.64e-90	267
P39615.1	Q4KGS0.1	57.658	222	93	1	5	225	9	230	5.71e-90	267
P39615.1	C1CXS7.1	58.371	221	90	2	1	220	21	240	8.45e-90	267
P39615.1	C3KDS6.1	57.078	219	93	1	5	222	9	227	1.16e-89	266
P39615.1	Q88N05.1	58.559	222	91	1	5	225	9	230	4.22e-89	265
P39615.1	Q3KGL4.1	57.604	217	91	1	5	220	9	225	2.37e-88	263
P39615.1	C4Z8Z2.1	54.260	223	101	1	4	225	3	225	2.50e-88	263
P39615.1	B3WCZ5.1	58.482	224	92	1	1	224	1	223	2.59e-88	263
P39615.1	Q74K70.1	60.000	220	87	1	1	220	1	219	4.38e-88	262
P39615.1	Q48ET5.1	57.604	217	91	1	5	220	9	225	9.93e-88	261
P39615.1	A5W8H2.1	57.658	222	93	1	5	225	9	230	1.61e-87	261
P39615.1	B0KV50.1	57.207	222	94	1	5	225	9	230	3.61e-87	260
P39615.1	Q03SK6.1	57.658	222	92	1	1	220	1	222	5.86e-87	259
P39615.1	B1YFL0.1	54.128	218	100	0	5	222	1	218	5.86e-87	259
P39615.1	B1J4J3.1	56.757	222	95	1	5	225	9	230	8.65e-87	259
P39615.1	A9KP29.1	52.915	223	104	1	4	225	3	225	1.06e-86	258
P39615.1	Q38VY5.1	55.455	220	97	1	1	220	1	219	1.37e-86	258
P39615.1	Q9RWH9.1	57.078	219	92	2	5	222	23	240	2.28e-86	258
P39615.1	Q827B3.1	51.351	222	107	1	4	225	6	226	5.98e-86	256
P39615.1	A6L7T5.1	55.000	220	99	0	1	220	1	220	9.84e-86	256
P39615.1	Q2NS03.1	55.605	223	95	3	1	221	1	221	1.97e-85	255
P39615.1	Q30Q92.1	54.587	218	99	0	5	222	6	223	2.58e-85	255
P39615.1	Q02HQ1.1	54.505	222	100	1	5	225	10	231	2.98e-85	255
P39615.1	A6VAM7.1	54.505	222	100	1	5	225	10	231	3.48e-85	255
P39615.1	B3ERG6.1	53.636	220	102	0	1	220	1	220	8.48e-85	253
P39615.1	Q5FL46.1	57.991	219	91	1	2	220	3	220	8.71e-85	254
P39615.1	Q04BG7.1	57.727	220	92	1	1	220	1	219	1.15e-84	253
P39615.1	Q1IWN1.1	55.963	218	95	1	5	222	22	238	1.38e-84	254
P39615.1	Q1GB22.1	57.727	220	92	1	1	220	1	219	1.62e-84	253
P39615.1	A8YUE7.1	56.502	223	96	1	2	224	3	224	6.43e-84	251
P39615.1	P43731.1	55.300	217	95	2	8	222	3	219	1.00e-83	251
P39615.1	Q9LIH6.1	56.561	221	92	1	4	220	108	328	1.86e-83	254
P39615.1	B9DKT3.1	58.000	200	83	1	22	221	16	214	8.72e-83	248
P39615.1	A5IQD5.1	53.521	213	97	2	10	221	3	214	9.00e-83	248
P39615.1	Q4L3Q7.1	54.930	213	94	2	10	221	3	214	1.25e-82	248
P39615.1	Q6GBQ6.1	53.521	213	97	2	10	221	3	214	2.09e-82	247
P39615.1	Q8A5V6.1	53.636	220	102	0	1	220	1	220	3.34e-82	247
P39615.1	Q2YS83.1	53.052	213	98	2	10	221	3	214	3.81e-82	246
P39615.1	B0VD25.1	55.046	218	96	2	5	220	16	233	3.91e-82	247
P39615.1	A9LZA2.1	54.167	216	97	2	7	220	2	217	6.16e-82	246
P39615.1	B0VMZ7.1	54.587	218	97	2	5	220	16	233	7.05e-82	246
P39615.1	A3M500.2	54.587	218	97	2	5	220	16	233	7.29e-82	246
P39615.1	Q7N1U8.1	55.093	216	95	2	8	221	6	221	7.52e-82	246
P39615.1	B6J738.1	53.211	218	101	1	8	224	9	226	8.48e-82	246
P39615.1	A9KCD5.2	53.704	216	99	1	8	222	9	224	9.25e-82	246
P39615.1	Q8R634.1	56.373	204	89	0	21	224	20	223	9.77e-82	246
P39615.1	Q5L9D9.1	52.273	220	105	0	1	220	1	220	1.09e-81	246
P39615.1	Q83CW4.1	52.752	218	102	1	8	224	9	226	1.33e-81	246
P39615.1	A5UBC0.1	53.917	217	98	2	8	222	3	219	2.12e-81	245
P39615.1	Q4QPM6.1	53.917	217	98	2	8	222	3	219	2.61e-81	244
P39615.1	A1KU26.1	54.167	216	97	2	7	220	2	217	2.75e-81	244
P39615.1	B4RLL6.1	54.630	216	96	2	7	220	2	217	2.91e-81	244
P39615.1	Q8CQ65.1	56.000	200	87	1	22	221	16	214	3.03e-81	244
P39615.1	Q9K3Z0.1	50.000	222	110	1	4	225	6	226	3.70e-81	244
P39615.1	Q9JUC4.1	53.704	216	98	2	7	220	2	217	5.48e-81	244
P39615.1	C6DC11.1	55.556	216	94	2	8	221	6	221	5.99e-81	244
P39615.1	B7NRN6.1	53.488	215	98	2	8	220	6	220	8.31e-81	244
P39615.1	Q49VD1.1	53.052	213	99	1	9	221	3	214	9.36e-81	243
P39615.1	Q6F9Y2.1	54.587	218	97	2	5	220	16	233	1.02e-80	244
P39615.1	B7MYL3.1	53.953	215	97	2	8	220	6	220	1.34e-80	243
P39615.1	B6J089.1	52.752	218	102	1	8	224	9	226	1.42e-80	243
P39615.1	B5Z154.1	53.488	215	98	2	8	220	6	220	1.65e-80	243
P39615.1	Q5HRG5.1	55.500	200	88	1	22	221	16	214	1.69e-80	242
P39615.1	Q8UCM8.1	53.604	222	102	1	5	225	12	233	1.75e-80	243
P39615.1	Q8FF08.3	53.488	215	98	2	8	220	6	220	1.81e-80	243
P39615.1	A1AEB0.1	53.488	215	98	2	8	220	6	220	1.93e-80	243
P39615.1	B6YR15.1	52.273	220	105	0	1	220	1	220	2.47e-80	242
P39615.1	A1JKI8.1	56.279	215	92	2	8	220	6	220	2.82e-80	242
P39615.1	A7MS85.1	52.232	224	103	3	1	222	1	222	3.48e-80	242
P39615.1	A0M1V1.1	52.489	221	104	1	1	220	1	221	4.72e-80	241
P39615.1	Q0T1S6.1	53.488	215	98	2	8	220	6	220	5.15e-80	241
P39615.1	A8A392.1	53.488	215	98	2	8	220	6	220	5.44e-80	241
P39615.1	A5F5R5.1	53.488	215	98	2	8	220	6	220	8.79e-80	241
P39615.1	Q92LU5.1	53.917	217	99	1	5	220	7	223	1.13e-79	241
P39615.1	A3MZ80.1	52.511	219	102	2	7	223	2	220	1.23e-79	241
P39615.1	A6UDC0.1	52.995	217	101	1	5	220	7	223	2.56e-79	240
P39615.1	Q03KM6.1	53.241	216	99	1	6	221	3	216	3.71e-79	239
P39615.1	Q7MNR0.2	52.535	217	101	2	6	220	4	220	3.76e-79	239
P39615.1	Q87SC4.1	52.558	215	100	2	8	220	6	220	4.62e-79	239
P39615.1	B5XNF8.1	53.488	215	98	2	8	220	6	220	7.56e-79	239
P39615.1	A8GI39.1	54.884	215	95	2	8	220	6	220	7.98e-79	238
P39615.1	A4WDE9.1	53.023	215	99	2	8	220	6	220	1.16e-78	238
P39615.1	A8AD07.1	52.093	215	101	2	8	220	6	220	1.47e-78	238
P39615.1	B7LUY5.1	52.558	215	100	2	8	220	6	220	1.49e-78	238
P39615.1	C4LC44.1	51.818	220	104	2	8	225	3	222	2.02e-78	237
P39615.1	B8F6C3.1	51.628	215	103	1	7	220	2	216	3.12e-78	237
P39615.1	Q6D208.1	54.167	216	97	2	8	221	6	221	4.29e-78	237
P39615.1	B4F058.1	51.818	220	104	2	8	225	6	225	7.48e-78	236
P39615.1	A6TCJ2.1	52.558	215	100	2	8	220	6	220	2.68e-77	234
P39615.1	Q7VMC0.1	52.315	216	101	2	7	220	2	217	2.74e-77	234
P39615.1	A8AXM4.1	54.587	218	96	2	5	221	1	216	3.45e-77	234
P39615.1	P57807.1	50.455	220	107	2	8	225	3	222	5.77e-77	234
P39615.1	B5F228.1	51.852	216	102	2	8	221	6	221	1.04e-76	233
P39615.1	A9MGV9.1	51.852	216	102	2	8	221	6	221	1.06e-76	233
P39615.1	A3CN85.1	54.128	218	97	2	5	221	1	216	1.94e-76	232
P39615.1	A9N0W3.1	51.389	216	103	2	8	221	6	221	2.80e-76	232
P39615.1	B4U3D4.1	52.294	218	102	1	4	221	1	216	2.81e-76	232
P39615.1	C0M7J9.1	52.294	218	102	1	4	221	1	216	2.97e-76	231
P39615.1	B9DSB9.1	52.558	215	100	1	6	220	3	215	3.07e-76	231
P39615.1	A5FFT1.1	50.226	221	109	1	1	220	1	221	3.17e-76	232
P39615.1	Q723S4.1	48.848	217	111	0	8	224	4	220	3.34e-76	232
P39615.1	B0UWA7.1	51.852	216	102	2	7	220	2	217	4.69e-76	231
P39615.1	B2VEC7.1	53.241	216	99	2	8	221	6	221	1.01e-75	231
P39615.1	A4VV30.1	52.535	217	100	2	5	220	1	215	1.48e-75	230
P39615.1	C1CKR8.1	50.463	216	105	1	6	221	3	216	1.53e-75	230
P39615.1	Q65VN0.1	52.558	215	100	2	8	220	3	217	2.28e-75	229
P39615.1	B6EKY3.1	52.511	219	102	2	5	221	1	219	2.63e-75	229
P39615.1	B1IBW9.1	49.537	216	107	1	6	221	3	216	2.66e-75	229
P39615.1	B9E8N2.1	51.376	218	102	3	10	225	3	218	2.90e-75	229
P39615.1	C0ME57.1	51.376	218	104	1	4	221	1	216	3.17e-75	229
P39615.1	B8ZQ48.1	50.000	216	106	1	6	221	3	216	3.31e-75	229
P39615.1	B2RHL6.1	50.893	224	104	3	1	220	1	222	4.12e-75	229
P39615.1	A4IWI7.1	52.558	215	100	2	8	220	2	216	4.64e-75	229
P39615.1	Q8Y9X7.1	48.387	217	112	0	8	224	4	220	8.84e-75	228
P39615.1	B1JRB1.1	55.349	215	94	2	8	220	6	220	8.92e-75	228
P39615.1	Q7MXF6.1	50.893	224	104	3	1	220	1	222	1.05e-74	228
P39615.1	B5E4R3.1	49.537	216	107	1	6	221	3	216	1.70e-74	227
P39615.1	Q5R080.1	51.869	214	102	1	9	221	3	216	1.70e-74	227
P39615.1	P0A4P3.1	52.315	216	101	1	6	221	3	216	1.74e-74	227
P39615.1	A0Q7Y8.1	52.558	215	100	2	8	220	2	216	2.05e-74	227
P39615.1	Q5E2Y8.1	52.558	215	100	2	8	220	4	218	2.26e-74	227
P39615.1	A4TKZ2.1	54.884	215	95	2	8	220	6	220	2.33e-74	227
P39615.1	A7FFS4.1	54.884	215	95	2	8	220	6	220	4.34e-74	226
P39615.1	A7ZAZ4.1	51.389	216	104	1	5	220	10	224	4.38e-74	226
P39615.1	Q1J724.1	53.052	213	98	1	9	221	6	216	4.65e-74	226
P39615.1	P29950.1	53.398	206	95	1	16	220	1	206	5.78e-74	226
P39615.1	B5FAJ7.1	52.093	215	101	2	8	220	4	218	7.66e-74	226
P39615.1	A7NAN4.1	52.093	215	101	2	8	220	2	216	1.19e-73	225
P39615.1	B5XL20.1	52.582	213	99	1	9	221	6	216	1.34e-73	225
P39615.1	Q48U05.1	53.052	213	98	1	9	221	6	216	1.84e-73	224
P39615.1	P0DG74.1	52.582	213	99	1	9	221	6	216	2.75e-73	224
P39615.1	Q8P1B6.1	53.052	213	98	1	9	221	6	216	2.91e-73	224
P39615.1	Q1JC76.1	52.582	213	99	1	9	221	6	216	3.07e-73	224
P39615.1	Q8DTV8.1	51.852	216	102	1	6	221	3	216	3.14e-73	224
P39615.1	O84613.1	52.703	222	100	3	5	223	10	229	3.26e-73	224
P39615.1	Q92EQ0.1	47.887	213	111	0	8	220	4	216	3.53e-73	224
P39615.1	A0KMZ1.1	51.163	215	103	2	8	220	3	217	4.07e-73	224
P39615.1	A7GVX1.1	49.774	221	110	1	5	225	10	229	4.10e-73	224
P39615.1	A0RM89.1	49.091	220	111	1	5	224	10	228	4.52e-73	224
P39615.1	Q5XCK3.1	52.582	213	99	1	9	221	6	216	5.53e-73	223
P39615.1	Q3BNI2.1	48.402	219	112	1	5	222	10	228	5.90e-73	224
P39615.1	Q9PJD2.1	52.941	221	99	3	5	222	10	228	7.56e-73	223
P39615.1	A6VLV4.1	49.091	220	110	2	8	225	3	222	1.10e-72	223
P39615.1	B0TXF5.1	51.628	215	102	2	8	220	2	216	1.24e-72	223
P39615.1	Q8EB78.1	50.691	217	105	2	8	222	2	218	1.37e-72	222
P39615.1	A2RF00.1	52.113	213	100	1	9	221	6	216	1.38e-72	222
P39615.1	B1MXY4.1	50.917	218	105	1	4	221	3	218	2.31e-72	222
P39615.1	B0B8I2.1	52.703	222	100	3	5	223	10	229	2.86e-72	222
P39615.1	B2IAB2.1	47.489	219	114	1	5	222	18	236	4.10e-72	222
P39615.1	Q9PA28.2	47.489	219	114	1	5	222	18	236	4.15e-72	222
P39615.1	Q9Z7D3.1	53.704	216	95	3	8	220	20	233	4.85e-72	221
P39615.1	B0RWT2.1	47.489	219	114	1	5	222	10	228	7.08e-72	221
P39615.1	Q03W63.1	50.228	219	106	2	4	221	3	219	7.42e-72	221
P39615.1	Q821F7.1	52.558	215	99	2	8	220	13	226	1.32e-71	220
P39615.1	Q5L4Q4.1	52.558	215	99	2	8	220	13	226	1.33e-71	220
P39615.1	A4SK71.1	50.233	215	105	2	8	220	3	217	1.83e-71	219
P39615.1	Q3IG47.1	52.074	217	101	3	9	222	4	220	2.14e-71	219
P39615.1	B9KEK7.1	48.387	217	110	2	5	220	10	225	2.37e-71	219
P39615.1	Q256I7.1	52.558	215	99	2	8	220	13	226	2.82e-71	219
P39615.1	B0U620.1	47.032	219	115	1	5	222	18	236	3.43e-71	220
P39615.1	Q64QI5.1	48.182	220	114	0	1	220	1	220	4.59e-71	219
P39615.1	Q8PFZ6.1	47.032	219	115	1	5	222	10	228	6.61e-71	219
P39615.1	B5RKV2.1	48.430	223	111	3	1	220	1	222	8.34e-71	218
P39615.1	Q5LA67.1	47.727	220	115	0	1	220	1	220	1.18e-70	218
P39615.1	B2SJF5.1	47.489	219	114	1	5	222	10	228	2.03e-70	218
P39615.1	P13051.2	50.233	215	106	1	7	220	96	310	2.42e-70	220
P39615.1	A1QYK3.1	47.982	223	112	3	1	220	1	222	2.96e-70	216
P39615.1	P97931.3	50.233	215	106	1	7	220	89	303	6.57e-70	219
P39615.1	A8EWN8.1	47.196	214	112	1	8	220	2	215	8.74e-70	215
P39615.1	B5RQN2.1	47.534	223	113	3	1	220	1	222	1.44e-69	215
P39615.1	B7J0Y9.1	47.085	223	114	3	1	220	1	222	5.09e-69	213
P39615.1	Q057V4.1	47.964	221	114	1	1	220	1	221	5.78e-69	213
P39615.1	Q5HX80.1	47.489	219	113	2	5	222	13	230	6.35e-69	213
P39615.1	A1VXG9.1	47.489	219	113	2	5	222	13	230	7.08e-69	213
P39615.1	B2S1N8.1	47.534	223	113	3	1	220	1	222	7.87e-69	213
P39615.1	Q9PJ40.1	47.489	219	113	2	5	222	13	230	8.62e-69	213
P39615.1	A8FJP1.1	47.032	219	114	2	5	222	13	230	1.52e-68	213
P39615.1	B8D787.1	47.685	216	112	1	8	222	4	219	2.89e-68	211
P39615.1	A7I0A8.1	48.848	217	109	2	5	220	10	225	5.07e-68	211
P39615.1	Q7MA00.1	47.926	217	111	2	5	220	11	226	6.20e-68	211
P39615.1	Q0SPB2.1	46.575	219	113	3	5	220	5	222	9.04e-68	210
P39615.1	Q7VRQ7.1	45.116	215	116	2	8	220	5	219	3.04e-67	209
P39615.1	Q9U221.1	46.667	225	115	5	1	221	57	280	4.63e-67	211
P39615.1	A7H1G3.1	46.575	219	115	2	5	222	13	230	1.16e-66	207
P39615.1	Q662W1.1	45.045	222	120	1	1	220	1	222	1.26e-66	207
P39615.1	Q7P1I1.1	48.980	196	100	0	26	221	33	228	2.33e-66	207
P39615.1	Q07YI6.1	50.249	201	98	2	24	222	20	220	7.79e-65	202
P39615.1	A5EVB8.1	46.789	218	113	3	5	220	11	227	5.41e-64	201
P39615.1	P53766.2	47.273	220	111	4	9	224	128	346	1.14e-63	204
P39615.1	Q032L5.1	47.442	215	109	3	9	221	6	218	2.76e-62	196
P39615.1	A2RHW2.1	47.442	215	109	3	9	221	6	218	3.25e-62	196
P39615.1	Q9CIX2.1	46.977	215	110	3	9	221	6	218	3.32e-62	196
P39615.1	A1UEC0.1	48.624	218	108	4	5	220	9	224	2.54e-61	194
P39615.1	Q47Q90.1	45.045	222	115	5	1	220	9	225	3.67e-61	194
P39615.1	Q7VGS1.1	45.333	225	112	3	5	220	10	232	4.92e-61	194
P39615.1	B2UDL1.1	46.018	226	109	5	5	220	35	257	6.60e-61	194
P39615.1	Q315T1.1	44.749	219	113	2	10	220	15	233	8.41e-61	193
P39615.1	A0QV01.1	45.495	222	116	4	1	220	6	224	1.24e-60	192
P39615.1	A1SUE5.1	46.512	215	113	2	8	220	2	216	1.61e-60	192
P39615.1	Q98PV4.1	44.762	210	115	1	14	223	13	221	1.74e-60	192
P39615.1	O74834.1	44.545	220	118	3	5	220	82	301	9.16e-60	193
P39615.1	B8ZS02.1	45.045	222	117	4	1	220	6	224	1.45e-59	189
P39615.1	Q21SE9.1	49.057	212	89	5	26	220	41	250	1.46e-59	190
P39615.1	Q5YRZ2.1	47.059	221	107	5	5	220	9	224	2.06e-59	189
P39615.1	A0QJA9.1	46.396	222	114	4	1	220	6	224	3.43e-59	189
P39615.1	P59465.1	45.581	215	115	2	8	220	8	222	3.76e-59	188
P39615.1	Q73VJ7.1	46.396	222	114	4	1	220	6	224	3.78e-59	188
P39615.1	A1T717.1	45.291	223	113	6	1	220	6	222	5.99e-59	188
P39615.1	P12887.1	42.616	237	119	5	3	222	100	336	6.92e-59	192
P39615.1	Q8FPQ4.1	46.635	208	102	5	19	220	32	236	6.37e-58	186
P39615.1	P52506.1	44.749	219	118	3	5	222	98	314	2.15e-57	187
P39615.1	A0PQ07.1	44.144	222	119	4	1	220	6	224	2.40e-57	184
P39615.1	A9IGW1.1	48.705	193	92	4	37	224	52	242	2.82e-57	184
P39615.1	P52507.1	44.749	219	118	3	5	222	99	315	2.86e-57	186
P39615.1	B2HIJ2.1	44.144	222	119	4	1	220	6	224	2.92e-57	184
P39615.1	A4TE31.1	44.595	222	116	5	1	220	6	222	3.65e-57	183
P39615.1	Q8NQU9.1	40.784	255	114	6	2	222	3	254	5.77e-57	184
P39615.1	B1MDP0.1	45.045	222	116	5	1	220	6	223	1.67e-56	182
P39615.1	Q1GHJ4.1	47.343	207	103	5	18	221	19	222	3.24e-56	181
P39615.1	Q8XVE4.1	47.449	196	91	4	34	220	68	260	2.90e-55	180
P39615.1	P67078.1	47.312	186	96	2	36	220	43	227	4.48e-55	178
P39615.1	P53764.1	46.341	205	105	5	20	222	2	203	7.33e-55	177
P39615.1	P28866.1	43.636	220	121	3	5	223	95	312	1.42e-54	179
P39615.1	Q8G3E9.1	44.811	212	106	5	19	222	5	213	1.46e-54	176
P39615.1	A1KMX0.1	45.495	222	116	4	1	220	6	224	3.19e-54	176
P39615.1	Q9EX12.1	42.342	222	121	5	1	220	6	222	2.05e-53	174
P39615.1	A8LD98.1	43.243	222	119	5	1	220	6	222	2.14e-53	174
P39615.1	Q82MX6.1	42.342	222	121	5	1	220	6	222	3.00e-53	173
P39615.1	P12888.1	42.731	227	118	5	4	220	29	253	3.14e-53	174
P39615.1	Q4A8N4.1	39.130	207	125	1	16	222	14	219	4.08e-53	173
P39615.1	Q01019.1	44.737	228	116	4	4	222	25	251	7.16e-53	173
P39615.1	Q1CRR1.1	44.700	217	108	4	5	211	9	223	1.05e-52	172
P39615.1	P53765.2	43.868	212	110	3	17	220	42	252	1.39e-52	172
P39615.1	Q7WQW5.1	42.857	217	114	5	10	220	23	235	3.58e-52	171
P39615.1	Q7W1Y7.1	42.857	217	114	5	10	220	23	235	3.86e-52	171
P39615.1	Q7VUM8.1	42.857	217	114	5	10	220	23	235	3.91e-52	171
P39615.1	B2UVB0.1	44.700	217	108	4	5	211	9	223	3.96e-52	171
P39615.1	A1SNW4.1	43.946	223	118	5	2	222	10	227	5.90e-52	170
P39615.1	P28275.1	40.455	220	128	3	4	222	38	255	6.52e-52	171
P39615.1	Q9J3N2.1	41.704	223	120	5	5	222	87	304	2.92e-51	171
P39615.1	P09307.1	41.704	223	120	5	5	222	87	304	3.02e-51	171
P39615.1	Q17Z05.1	43.541	209	107	3	5	204	9	215	5.95e-51	168
P39615.1	B5Z8Z4.1	43.318	217	111	4	5	211	9	223	6.21e-51	168
P39615.1	P50639.1	42.927	205	113	3	23	224	49	252	6.78e-51	168
P39615.1	Q9ZJN9.1	43.318	217	111	4	5	211	9	223	9.27e-51	167
P39615.1	P10186.1	40.455	220	128	3	4	222	117	334	1.11e-50	170
P39615.1	P56397.1	43.318	217	111	4	5	211	9	223	1.72e-50	167
P39615.1	Q2L0Y2.1	45.876	194	99	3	31	220	46	237	2.76e-50	167
P39615.1	B6JNI4.1	42.857	217	112	4	5	211	9	223	5.72e-50	165
P39615.1	Q9E6R2.1	41.441	222	119	4	5	220	93	309	1.05e-49	167
P39615.1	F5HFA1.1	42.056	214	115	3	15	220	38	250	2.60e-47	159
P39615.1	P13158.1	39.815	216	127	3	4	218	78	291	2.88e-47	160
P39615.1	O36395.1	42.784	194	102	3	38	223	60	252	6.90e-47	158
P39615.1	P52447.1	40.476	210	121	3	16	222	44	252	5.82e-46	155
P39615.1	B5ZC55.1	40.952	210	118	3	11	220	9	212	2.34e-45	153
P39615.1	B1AJI8.1	43.548	186	103	2	35	220	29	212	3.97e-45	152
P39615.1	P52345.1	40.000	210	122	3	16	222	44	252	1.17e-44	152
P39615.1	F5HI85.1	40.860	186	108	2	36	220	62	246	3.11e-42	146
P39615.1	Q6UDG6.1	37.615	218	131	3	5	220	145	359	1.38e-36	134
P39615.1	Q5UPT2.1	33.471	242	134	7	4	220	129	368	2.71e-33	125
P39615.1	P75536.1	33.333	216	130	8	15	221	22	232	1.76e-29	112
P39615.1	P47343.1	33.621	232	138	8	1	222	10	235	3.38e-27	107
P39615.1	P21968.2	29.101	189	118	9	35	221	39	213	3.87e-07	52.4
# PSIBLAST 2.12.0+
# Iteration: 2
# Query: P39615.1 RecName: Full=Uracil-DNA glycosylase; Short=UDG [Bacillus subtilis subsp. subtilis str. 168]
# Database: ../../data/swissprot
# Fields: query acc.ver, subject acc.ver, % identity, alignment length, mismatches, gap opens, q. start, q. end, s. start, s. end, evalue, bit score
# 314 hits found
P39615.1	P39615.1	100.000	225	0	0	1	225	1	225	1.28e-153	427
P39615.1	A7ZA24.1	88.444	225	26	0	1	225	1	225	6.62e-152	423
P39615.1	B7GMM1.1	67.556	225	73	0	1	225	1	225	1.56e-151	422
P39615.1	Q836Z5.1	68.304	224	71	0	1	224	1	224	8.69e-151	420
P39615.1	A7GVE5.1	68.444	225	71	0	1	225	1	225	4.11e-150	419
P39615.1	Q65DN9.1	82.667	225	39	0	1	225	1	225	3.61e-149	416
P39615.1	Q5KUD0.1	68.018	222	71	0	4	225	3	224	3.38e-148	414
P39615.1	C5D9T3.1	69.820	222	67	0	4	225	3	224	3.84e-148	414
P39615.1	A8FIM7.1	73.333	225	60	0	1	225	1	225	6.00e-148	413
P39615.1	A8MM35.1	59.821	224	90	0	1	224	1	224	3.27e-147	411
P39615.1	A4ITQ2.1	68.468	222	70	0	4	225	3	224	3.39e-147	412
P39615.1	B7HYF9.1	64.000	225	81	0	1	225	1	225	8.22e-147	410
P39615.1	B2TQZ9.1	62.667	225	84	0	1	225	1	225	9.59e-147	410
P39615.1	Q630K2.1	64.000	225	81	0	1	225	1	225	1.01e-146	410
P39615.1	Q72X51.1	64.000	225	81	0	1	225	1	225	3.62e-146	409
P39615.1	Q9K682.1	64.574	223	79	0	3	225	2	224	5.23e-146	408
P39615.1	Q1I5T6.1	58.296	223	92	1	4	225	8	230	5.95e-146	408
P39615.1	C1DQR0.1	58.482	224	92	1	2	224	7	230	1.09e-145	408
P39615.1	Q88N05.1	58.296	223	92	1	4	225	8	230	1.43e-145	407
P39615.1	A6M317.1	60.000	225	90	0	1	225	1	225	4.92e-145	406
P39615.1	A9VSJ0.1	65.333	225	78	0	1	225	1	225	5.25e-145	406
P39615.1	B0KV50.1	56.951	223	95	1	4	225	8	230	5.63e-145	406
P39615.1	A6L7T5.1	55.000	220	99	0	1	220	1	220	6.44e-145	405
P39615.1	A5W8H2.1	57.399	223	94	1	4	225	8	230	7.09e-145	406
P39615.1	Q5L9D9.1	52.273	220	105	0	1	220	1	220	2.15e-144	404
P39615.1	B7HG60.1	63.556	225	82	0	1	225	1	225	2.87e-144	404
P39615.1	A6VAM7.1	54.260	223	101	1	4	225	9	231	2.96e-144	404
P39615.1	B1J4J3.1	56.502	223	96	1	4	225	8	230	3.63e-144	404
P39615.1	Q4KGS0.1	57.399	223	94	1	4	225	8	230	5.05e-144	403
P39615.1	Q02HQ1.1	54.260	223	101	1	4	225	9	231	6.37e-144	403
P39615.1	C0Z887.1	64.126	223	80	0	1	223	1	223	7.07e-144	403
P39615.1	A0RLI1.1	65.333	225	78	0	1	225	1	225	7.14e-144	403
P39615.1	C3LFS7.1	64.889	225	79	0	1	225	1	225	8.80e-144	403
P39615.1	B7JHM3.1	64.889	225	79	0	1	225	1	225	1.88e-143	402
P39615.1	Q0TUH0.1	61.778	225	86	0	1	225	1	225	2.31e-143	402
P39615.1	Q6HAN7.1	65.333	225	78	0	1	225	1	225	2.52e-143	402
P39615.1	Q3KGL4.1	56.054	223	97	1	4	225	8	230	3.13e-143	402
P39615.1	B7IRS8.1	63.111	225	83	0	1	225	1	225	7.39e-143	400
P39615.1	Q8XNR7.1	60.889	225	88	0	1	225	1	225	1.12e-142	400
P39615.1	Q8A5V6.1	53.636	220	102	0	1	220	1	220	1.25e-142	400
P39615.1	B8FSV8.1	65.471	223	76	1	3	225	2	223	1.60e-142	399
P39615.1	Q0SWB8.1	61.333	225	87	0	1	225	1	225	1.68e-142	400
P39615.1	Q03GV8.1	60.090	223	89	0	1	223	1	223	2.15e-142	399
P39615.1	A5VIJ2.1	60.987	223	87	0	1	223	1	223	3.96e-142	399
P39615.1	C3KDS6.1	56.306	222	96	1	4	224	8	229	6.87e-142	398
P39615.1	Q2NS03.1	55.605	223	95	3	1	221	1	221	1.40e-141	397
P39615.1	Q88YG1.1	59.821	224	90	0	1	224	1	224	2.56e-141	397
P39615.1	Q182G9.1	59.276	221	90	0	5	225	4	224	2.87e-141	396
P39615.1	Q5WAZ9.1	62.727	220	82	0	4	223	3	222	3.35e-141	397
P39615.1	Q92CI1.1	58.559	222	92	0	4	225	3	224	3.57e-141	396
P39615.1	C4Z8Z2.1	54.018	224	102	1	3	225	2	225	3.62e-141	396
P39615.1	Q4ZPC2.1	58.296	223	92	1	4	225	8	230	5.22e-141	396
P39615.1	A1JKI8.1	56.019	216	93	2	8	221	6	221	5.31e-141	396
P39615.1	C6DC11.1	55.556	216	94	2	8	221	6	221	7.21e-141	395
P39615.1	B4RLL6.1	54.128	218	98	2	7	222	2	219	9.56e-141	395
P39615.1	Q720K2.1	58.108	222	93	0	4	225	3	224	1.05e-140	395
P39615.1	Q87XE2.1	57.399	223	94	1	4	225	8	230	1.33e-140	395
P39615.1	A8GI39.1	54.884	215	95	2	8	220	6	220	2.59e-140	394
P39615.1	P43731.1	55.300	217	95	2	8	222	3	219	3.76e-140	393
P39615.1	Q8UCM8.1	53.571	224	103	1	3	225	10	233	4.37e-140	394
P39615.1	A9LZA2.1	53.670	218	99	2	7	222	2	219	5.17e-140	393
P39615.1	B4F058.1	51.364	220	105	2	8	225	6	225	5.70e-140	393
P39615.1	B0UWA7.1	50.685	219	106	2	7	223	2	220	7.35e-140	393
P39615.1	A1KU26.1	53.670	218	99	2	7	222	2	219	9.56e-140	392
P39615.1	Q92LU5.1	52.941	221	103	1	5	224	7	227	1.05e-139	393
P39615.1	Q48ET5.1	56.561	221	95	1	4	223	8	228	1.27e-139	392
P39615.1	B8F6C3.1	50.917	218	106	1	7	223	2	219	1.28e-139	392
P39615.1	C4LC44.1	51.584	221	105	2	7	225	2	222	1.73e-139	392
P39615.1	Q8Y7P6.1	57.658	222	94	0	4	225	3	224	1.81e-139	392
P39615.1	A6TVW5.1	59.729	221	89	0	3	223	2	222	2.25e-139	392
P39615.1	Q7MNR0.2	51.835	218	103	2	8	223	6	223	2.45e-139	392
P39615.1	A6TCJ2.1	52.558	215	100	2	8	220	6	220	2.91e-139	392
P39615.1	A6UDC0.1	52.036	221	105	1	5	224	7	227	4.00e-139	392
P39615.1	Q0T1S6.1	52.995	217	100	2	6	220	4	220	5.68e-139	391
P39615.1	A7MS85.1	52.000	225	104	3	1	223	1	223	6.57e-139	390
P39615.1	Q87SC4.1	51.598	219	104	2	7	223	5	223	7.17e-139	390
P39615.1	Q6D208.1	54.167	216	97	2	8	221	6	221	8.98e-139	390
P39615.1	B3ERG6.1	53.636	220	102	0	1	220	1	220	1.00e-138	390
P39615.1	A8A392.1	52.995	217	100	2	6	220	4	220	1.03e-138	390
P39615.1	B5Z154.1	52.995	217	100	2	6	220	4	220	1.04e-138	390
P39615.1	B6J738.1	52.968	219	102	1	7	224	8	226	1.07e-138	390
P39615.1	A1AEB0.1	52.995	217	100	2	6	220	4	220	1.41e-138	390
P39615.1	B7MYL3.1	53.456	217	99	2	6	220	4	220	1.74e-138	390
P39615.1	Q8FF08.3	52.995	217	100	2	6	220	4	220	2.11e-138	389
P39615.1	B7NRN6.1	52.995	217	100	2	6	220	4	220	2.19e-138	389
P39615.1	Q9JUC4.1	53.211	218	100	2	7	222	2	219	2.27e-138	389
P39615.1	Q83CW4.1	52.511	219	103	1	7	224	8	226	2.98e-138	389
P39615.1	B5XNF8.1	53.488	215	98	2	8	220	6	220	3.51e-138	389
P39615.1	Q65VN0.1	51.142	219	105	2	7	223	2	220	4.08e-138	388
P39615.1	A5F5R5.1	53.241	216	99	2	8	221	6	221	4.15e-138	388
P39615.1	B2GAM7.1	59.375	224	91	0	1	224	1	224	4.72e-138	388
P39615.1	Q7N1U8.1	54.630	216	96	2	8	221	6	221	5.11e-138	388
P39615.1	B7LUY5.1	52.074	217	102	2	6	220	4	220	9.83e-138	388
P39615.1	A3MZ80.1	52.752	218	101	2	7	222	2	219	1.24e-137	387
P39615.1	A8AD07.1	52.093	215	101	2	8	220	6	220	2.14e-137	387
P39615.1	C1CXS7.1	57.589	224	93	2	1	223	21	243	2.28e-137	387
P39615.1	B1I012.1	57.589	224	93	1	1	222	1	224	2.88e-137	386
P39615.1	A9KCD5.2	53.211	218	101	1	7	223	8	225	3.36e-137	386
P39615.1	B5F228.1	51.376	218	104	2	6	221	4	221	3.75e-137	386
P39615.1	A9MGV9.1	51.376	218	104	2	6	221	4	221	5.50e-137	386
P39615.1	A9N0W3.1	50.917	218	105	2	6	221	4	221	6.27e-137	385
P39615.1	B6J089.1	52.511	219	103	1	7	224	8	226	7.08e-137	385
P39615.1	A5UBC0.1	53.917	217	98	2	8	222	3	219	7.43e-137	385
P39615.1	A9KP29.1	52.679	224	105	1	3	225	2	225	9.01e-137	385
P39615.1	A4WDE9.1	53.023	215	99	2	8	220	6	220	9.31e-137	385
P39615.1	B1YFL0.1	54.128	218	100	0	5	222	1	218	1.08e-136	385
P39615.1	Q4QPM6.1	53.917	217	98	2	8	222	3	219	1.55e-136	384
P39615.1	Q3BNI2.1	47.511	221	115	1	5	224	10	230	2.09e-136	385
P39615.1	A0KMZ1.1	50.926	216	104	2	7	220	2	217	3.37e-136	383
P39615.1	Q8EPH6.1	57.143	224	96	0	1	224	1	224	4.23e-136	383
P39615.1	Q38VY5.1	54.709	223	100	1	1	223	1	222	5.87e-136	383
P39615.1	P57807.1	50.455	220	107	2	8	225	3	222	1.06e-135	382
P39615.1	Q827B3.1	51.351	222	107	1	4	225	6	226	1.19e-135	382
P39615.1	Q9K3Z0.1	50.000	222	110	1	4	225	6	226	1.27e-135	382
P39615.1	Q8PFZ6.1	46.154	221	118	1	5	224	10	230	1.80e-135	382
P39615.1	B2VEC7.1	53.488	215	98	2	8	220	6	220	2.23e-135	382
P39615.1	Q03SK6.1	56.889	225	95	1	1	223	1	225	3.85e-135	382
P39615.1	A4SK71.1	50.233	215	105	2	8	220	3	217	3.93e-135	381
P39615.1	B0VD25.1	53.571	224	102	2	2	223	13	236	5.20e-135	381
P39615.1	B6EKY3.1	52.511	219	102	2	5	221	1	219	5.42e-135	380
P39615.1	A6VLV4.1	49.091	220	110	2	8	225	3	222	7.50e-135	380
P39615.1	A3M500.2	53.125	224	103	2	2	223	13	236	8.61e-135	380
P39615.1	Q30Q92.1	54.338	219	100	0	4	222	5	223	2.08e-134	379
P39615.1	Q9RWH9.1	56.818	220	93	2	5	223	23	241	2.45e-134	380
P39615.1	B3WCZ5.1	58.482	224	92	1	1	224	1	223	2.69e-134	379
P39615.1	B0RWT2.1	46.606	221	117	1	5	224	10	230	3.95e-134	379
P39615.1	Q74K70.1	59.193	223	90	1	1	223	1	222	4.11e-134	378
P39615.1	Q7VMC0.1	51.598	219	104	2	7	223	2	220	5.41e-134	378
P39615.1	B0VMZ7.1	53.125	224	103	2	2	223	13	236	8.51e-134	378
P39615.1	A5FFT1.1	50.226	221	109	1	1	220	1	221	1.22e-133	377
P39615.1	Q5E2Y8.1	52.558	215	100	2	8	220	4	218	1.75e-133	377
P39615.1	B5FAJ7.1	52.093	215	101	2	8	220	4	218	2.44e-133	376
P39615.1	B2SJF5.1	47.059	221	116	1	5	224	10	230	3.35e-133	377
P39615.1	Q9LIH6.1	56.054	223	94	1	4	222	108	330	4.01e-133	380
P39615.1	A7GVX1.1	49.107	224	113	1	2	225	7	229	4.79e-133	376
P39615.1	Q5R080.1	51.869	214	102	1	9	221	3	216	8.60e-133	375
P39615.1	B6YR15.1	52.273	220	105	0	1	220	1	220	1.49e-132	374
P39615.1	Q1IWN1.1	55.708	219	96	1	5	223	22	239	1.69e-132	375
P39615.1	A0M1V1.1	52.489	221	104	1	1	220	1	221	2.29e-132	374
P39615.1	B2RHL6.1	50.893	224	104	3	1	220	1	222	2.79e-132	373
P39615.1	B9DKT3.1	53.917	217	99	1	8	224	2	217	3.14e-132	373
P39615.1	Q4L3Q7.1	54.930	213	95	1	9	221	3	214	3.16e-132	373
P39615.1	Q6F9Y2.1	53.125	224	103	2	2	223	13	236	7.54e-132	373
P39615.1	Q7MXF6.1	50.893	224	104	3	1	220	1	222	9.43e-132	372
P39615.1	A0Q7Y8.1	52.074	217	102	2	8	222	2	218	1.47e-131	372
P39615.1	P97931.3	50.233	215	106	1	7	220	89	303	1.55e-131	375
P39615.1	Q92EQ0.1	47.005	217	115	0	8	224	4	220	1.68e-131	372
P39615.1	Q8Y9X7.1	48.387	217	112	0	8	224	4	220	1.90e-131	372
P39615.1	Q723S4.1	48.848	217	111	0	8	224	4	220	2.19e-131	371
P39615.1	Q64QI5.1	48.182	220	114	0	1	220	1	220	2.41e-131	371
P39615.1	P13051.2	50.233	215	106	1	7	220	96	310	2.75e-131	375
P39615.1	A4IWI7.1	52.074	217	102	2	8	222	2	218	2.78e-131	371
P39615.1	B1JRB1.1	55.093	216	95	2	8	221	6	221	3.16e-131	371
P39615.1	Q5LA67.1	47.727	220	115	0	1	220	1	220	4.86e-131	370
P39615.1	A4TKZ2.1	54.630	216	96	2	8	221	6	221	5.18e-131	370
P39615.1	Q04BG7.1	56.696	224	96	1	1	224	1	223	7.03e-131	370
P39615.1	Q9PA28.2	46.154	221	118	1	5	224	18	238	9.54e-131	371
P39615.1	B2IAB2.1	46.154	221	118	1	5	224	18	238	1.19e-130	371
P39615.1	Q3IG47.1	50.685	219	105	3	7	222	2	220	1.35e-130	369
P39615.1	A7FFS4.1	54.630	216	96	2	8	221	6	221	1.48e-130	369
P39615.1	Q2YS83.1	53.052	213	99	1	9	221	3	214	1.76e-130	369
P39615.1	A5IQD5.1	53.521	213	98	1	9	221	3	214	1.99e-130	369
P39615.1	B0U620.1	45.701	221	119	1	5	224	18	238	2.50e-130	370
P39615.1	A8YUE7.1	56.502	223	96	1	2	224	3	224	3.19e-130	369
P39615.1	Q1GB22.1	56.696	224	96	1	1	224	1	223	3.84e-130	368
P39615.1	O84613.1	51.570	223	105	2	3	223	8	229	3.86e-130	368
P39615.1	A7ZAZ4.1	50.000	222	110	1	2	223	7	227	3.87e-130	368
P39615.1	B0B8I2.1	51.570	223	105	2	3	223	8	229	5.54e-130	368
P39615.1	Q6GBQ6.1	53.521	213	98	1	9	221	3	214	6.36e-130	367
P39615.1	Q8R634.1	54.955	222	100	0	3	224	2	223	6.56e-130	368
P39615.1	Q5FL46.1	56.951	223	95	1	2	224	3	224	9.05e-130	368
P39615.1	A0RM89.1	48.879	223	113	1	2	224	7	228	1.42e-129	367
P39615.1	B0TXF5.1	51.152	217	104	2	8	222	2	218	1.61e-129	367
P39615.1	A7NAN4.1	51.613	217	103	2	8	222	2	218	3.03e-129	366
P39615.1	P29950.1	52.381	210	99	1	16	224	1	210	7.89e-129	365
P39615.1	Q49VD1.1	53.052	213	99	1	9	221	3	214	1.19e-128	364
P39615.1	Q9PJD2.1	51.802	222	104	2	3	222	8	228	3.49e-128	363
P39615.1	Q821F7.1	52.036	221	103	2	5	223	10	229	1.55e-127	362
P39615.1	A7I0A8.1	47.982	223	114	2	2	223	7	228	2.05e-127	362
P39615.1	Q03KM6.1	53.488	215	98	1	6	220	3	215	3.10e-127	361
P39615.1	A8AXM4.1	53.953	215	97	1	6	220	3	215	4.46e-127	360
P39615.1	Q5L4Q4.1	51.584	221	104	2	5	223	10	229	4.80e-127	361
P39615.1	A3CN85.1	53.488	215	98	1	6	220	3	215	5.08e-127	360
P39615.1	B9E8N2.1	50.691	217	106	1	9	225	3	218	5.40e-127	360
P39615.1	Q8CQ65.1	53.052	213	99	1	9	221	3	214	7.61e-127	360
P39615.1	Q8EB78.1	50.691	217	105	2	8	222	2	218	1.68e-126	359
P39615.1	Q5HRG5.1	52.582	213	100	1	9	221	3	214	1.87e-126	358
P39615.1	A4VV30.1	52.093	215	101	1	6	220	3	215	3.39e-126	358
P39615.1	Q256I7.1	51.584	221	104	2	5	223	10	229	5.12e-126	358
P39615.1	A1VXG9.1	47.297	222	115	2	2	222	10	230	9.09e-126	357
P39615.1	Q7MA00.1	45.946	222	118	2	4	224	10	230	1.53e-125	357
P39615.1	Q5HX80.1	47.297	222	115	2	2	222	10	230	1.77e-125	356
P39615.1	A5EVB8.1	45.740	223	118	3	2	222	8	229	1.78e-125	356
P39615.1	Q9PJ40.1	47.297	222	115	2	2	222	10	230	2.02e-125	356
P39615.1	B5RKV2.1	47.085	223	116	1	1	221	1	223	2.67e-125	356
P39615.1	A7H1G3.1	46.396	222	117	2	2	222	10	230	1.14e-124	355
P39615.1	Q8DTV8.1	52.093	215	101	1	6	220	3	215	1.41e-124	354
P39615.1	C0M7J9.1	52.535	217	101	1	4	220	1	215	2.54e-124	353
P39615.1	A8FJP1.1	46.847	222	116	2	2	222	10	230	2.81e-124	354
P39615.1	B4U3D4.1	52.535	217	101	1	4	220	1	215	2.93e-124	353
P39615.1	P0A4P3.1	52.558	215	100	1	6	220	3	215	3.34e-124	353
P39615.1	B5RQN2.1	46.188	223	118	1	1	221	1	223	3.62e-124	353
P39615.1	B2S1N8.1	46.188	223	118	1	1	221	1	223	5.87e-124	353
P39615.1	A1QYK3.1	46.637	223	117	1	1	221	1	223	6.27e-124	352
P39615.1	B9KEK7.1	47.085	223	116	2	2	223	7	228	8.45e-124	352
P39615.1	Q9Z7D3.1	51.556	225	104	3	2	223	14	236	9.48e-124	353
P39615.1	B9DSB9.1	52.558	215	100	1	6	220	3	215	1.89e-123	351
P39615.1	C0ME57.1	51.613	217	103	1	4	220	1	215	1.93e-123	351
P39615.1	B1IBW9.1	49.767	215	106	1	6	220	3	215	4.54e-123	350
P39615.1	A8EWN8.1	46.729	214	113	1	8	220	2	215	3.32e-122	348
P39615.1	B8D787.1	47.685	216	112	1	8	222	4	219	5.88e-122	347
P39615.1	C1CKR8.1	50.698	215	104	1	6	220	3	215	7.85e-122	347
P39615.1	B5E4R3.1	49.767	215	106	1	6	220	3	215	1.03e-121	346
P39615.1	B8ZQ48.1	50.233	215	105	1	6	220	3	215	1.23e-121	346
P39615.1	Q662W1.1	44.843	223	121	1	1	221	1	223	1.25e-121	346
P39615.1	B7J0Y9.1	45.740	223	119	1	1	221	1	223	1.81e-121	346
P39615.1	P53766.2	47.273	220	111	4	9	224	128	346	3.39e-121	350
P39615.1	Q48U05.1	52.558	215	100	1	6	220	3	215	7.67e-121	345
P39615.1	Q057V4.1	47.321	224	117	1	1	223	1	224	2.40e-120	343
P39615.1	Q1JC76.1	52.093	215	101	1	6	220	3	215	3.05e-120	343
P39615.1	Q1J724.1	52.074	217	102	1	4	220	1	215	4.84e-120	342
P39615.1	Q0SPB2.1	44.843	223	121	1	1	221	1	223	5.84e-120	342
P39615.1	B5XL20.1	52.093	215	101	1	6	220	3	215	6.15e-120	342
P39615.1	A2RF00.1	51.628	215	102	1	6	220	3	215	7.83e-120	342
P39615.1	A1SUE5.1	46.512	215	113	2	8	220	2	216	1.20e-119	341
P39615.1	P59465.1	44.595	222	121	2	1	220	1	222	1.69e-119	341
P39615.1	P0DG74.1	52.093	215	101	1	6	220	3	215	2.17e-119	341
P39615.1	Q8P1B6.1	52.558	215	100	1	6	220	3	215	3.12e-119	340
P39615.1	Q07YI6.1	48.611	216	109	2	9	222	5	220	1.66e-118	339
P39615.1	Q7VRQ7.1	44.700	217	118	2	8	222	5	221	3.04e-118	338
P39615.1	Q5XCK3.1	52.093	215	101	1	6	220	3	215	3.04e-118	338
P39615.1	Q9U221.1	46.667	225	115	5	1	221	57	280	3.26e-118	340
P39615.1	Q7P1I1.1	45.413	218	118	1	5	221	11	228	9.51e-118	337
P39615.1	B1MXY4.1	51.152	217	104	1	4	220	3	217	5.76e-117	335
P39615.1	A1UEC0.1	46.222	225	116	4	1	223	6	227	9.80e-117	335
P39615.1	Q7VGS1.1	45.175	228	114	3	2	220	7	232	1.76e-116	334
P39615.1	A0QV01.1	44.889	225	119	4	1	223	6	227	1.39e-115	331
P39615.1	A0PQ07.1	43.556	225	122	4	1	223	6	227	8.19e-115	330
P39615.1	B2HIJ2.1	43.556	225	122	4	1	223	6	227	8.47e-115	330
P39615.1	Q73VJ7.1	45.778	225	117	4	1	223	6	227	1.51e-114	329
P39615.1	A1T717.1	44.000	225	119	5	1	223	6	225	1.70e-114	329
P39615.1	B2UDL1.1	45.415	229	112	5	5	223	35	260	1.76e-114	330
P39615.1	A0QJA9.1	45.778	225	117	4	1	223	6	227	2.40e-114	328
P39615.1	A4TE31.1	44.000	225	119	5	1	223	6	225	2.47e-114	328
P39615.1	B8ZS02.1	44.444	225	120	4	1	223	6	227	4.62e-114	328
P39615.1	O74834.1	42.534	221	123	3	5	221	82	302	9.14e-114	330
P39615.1	Q03W63.1	50.459	218	105	2	4	220	3	218	2.07e-113	326
P39615.1	Q5YRZ2.1	44.000	225	121	4	1	223	6	227	4.61e-113	325
P39615.1	Q47Q90.1	44.444	225	118	5	1	223	9	228	9.02e-113	325
P39615.1	P12887.1	41.772	237	121	4	3	222	100	336	9.19e-113	329
P39615.1	Q8XVE4.1	42.795	229	118	5	5	223	38	263	1.66e-111	323
P39615.1	P28866.1	43.636	220	121	3	5	223	95	312	2.73e-111	324
P39615.1	B1MDP0.1	44.444	225	119	5	1	223	6	226	2.80e-111	321
P39615.1	Q032L5.1	46.789	218	112	3	6	221	3	218	7.82e-111	319
P39615.1	A2RHW2.1	46.789	218	112	3	6	221	3	218	1.32e-110	319
P39615.1	Q9CIX2.1	46.330	218	113	3	6	221	3	218	1.51e-110	318
P39615.1	P52506.1	44.545	220	119	3	5	223	98	315	7.28e-109	318
P39615.1	P52507.1	44.545	220	119	3	5	223	99	316	1.33e-108	317
P39615.1	A1SNW4.1	43.304	224	120	5	2	223	10	228	3.22e-108	313
P39615.1	Q8FPQ4.1	44.796	221	114	6	5	222	23	238	6.36e-108	313
P39615.1	Q9EX12.1	41.778	225	124	5	1	223	6	225	1.99e-107	311
P39615.1	Q82MX6.1	41.778	225	124	5	1	223	6	225	2.52e-106	308
P39615.1	Q315T1.1	43.498	223	117	2	6	220	12	233	5.93e-106	307
P39615.1	P12888.1	41.558	231	123	5	2	222	27	255	3.23e-105	306
P39615.1	A8LD98.1	41.778	225	124	5	1	223	6	225	6.37e-105	304
P39615.1	A1KMX0.1	44.889	225	119	4	1	223	6	227	1.01e-104	304
P39615.1	P10186.1	40.455	220	128	3	4	222	117	334	1.62e-104	308
P39615.1	P53765.2	41.558	231	125	4	2	223	26	255	1.84e-104	304
P39615.1	P28275.1	40.455	220	128	3	4	222	38	255	6.26e-104	303
P39615.1	Q7VUM8.1	42.661	218	116	5	9	221	23	236	7.83e-104	303
P39615.1	Q7W1Y7.1	42.661	218	116	5	9	221	23	236	1.03e-103	302
P39615.1	Q7WQW5.1	42.661	218	116	5	9	221	23	236	1.24e-103	302
P39615.1	A9IGW1.1	43.805	226	119	5	5	224	19	242	3.37e-103	301
P39615.1	Q21SE9.1	44.872	234	109	6	5	220	19	250	5.37e-103	301
P39615.1	O36395.1	39.130	230	128	5	4	223	25	252	6.28e-103	300
P39615.1	Q98PV4.1	42.922	219	123	2	6	223	4	221	1.99e-102	298
P39615.1	Q8G3E9.1	44.811	212	106	5	19	222	5	213	2.50e-102	298
P39615.1	P09307.1	41.818	220	124	4	5	222	87	304	2.60e-101	298
P39615.1	Q01019.1	45.614	228	114	5	4	222	25	251	3.19e-101	296
P39615.1	Q9J3N2.1	41.818	220	124	4	5	222	87	304	3.60e-101	298
P39615.1	Q8NQU9.1	42.449	245	105	6	5	222	19	254	4.11e-101	296
P39615.1	Q2L0Y2.1	40.991	222	124	4	5	221	19	238	7.08e-101	295
P39615.1	Q9E6R2.1	40.724	221	128	3	5	223	93	312	1.66e-100	296
P39615.1	P13158.1	39.815	216	127	3	4	218	78	291	1.11e-99	294
P39615.1	P67078.1	40.991	222	126	4	4	223	12	230	1.84e-99	291
P39615.1	B5ZC55.1	39.151	212	127	2	9	220	3	212	5.66e-99	289
P39615.1	P53764.1	44.118	204	111	3	20	222	2	203	1.19e-98	288
P39615.1	P52447.1	38.839	224	132	4	5	224	32	254	1.29e-97	287
P39615.1	F5HFA1.1	41.228	228	124	4	4	222	26	252	1.91e-97	287
P39615.1	B1AJI8.1	39.151	212	127	2	9	220	3	212	2.29e-97	285
P39615.1	Q1GHJ4.1	44.700	217	114	5	10	223	11	224	4.34e-97	285
P39615.1	P52345.1	38.393	224	133	4	5	224	32	254	2.63e-96	284
P39615.1	F5HI85.1	35.747	221	139	3	4	222	29	248	1.38e-95	282
P39615.1	P50639.1	42.927	205	113	3	23	224	49	252	3.25e-95	281
P39615.1	Q1CRR1.1	45.161	217	107	5	5	211	9	223	4.06e-95	280
P39615.1	B2UVB0.1	45.161	217	107	5	5	211	9	223	5.19e-94	277
P39615.1	B5Z8Z4.1	43.541	209	107	4	5	204	9	215	6.46e-94	277
P39615.1	Q9ZJN9.1	43.750	208	106	4	5	203	9	214	8.68e-94	276
P39615.1	P56397.1	43.750	208	106	4	5	203	9	214	2.27e-93	276
P39615.1	Q17Z05.1	40.529	227	124	3	5	222	9	233	1.16e-92	274
P39615.1	B6JNI4.1	43.750	208	106	4	5	203	9	214	9.15e-92	271
P39615.1	Q6UDG6.1	37.557	221	133	4	5	223	145	362	6.05e-91	274
P39615.1	Q4A8N4.1	37.838	222	135	2	1	222	1	219	7.42e-90	266
P39615.1	Q5UPT2.1	32.510	243	139	6	4	222	129	370	1.02e-76	238
P39615.1	P47343.1	32.900	231	141	7	1	222	10	235	8.54e-75	229
P39615.1	P75536.1	32.911	237	138	10	1	221	1	232	2.52e-69	215
P39615.1	P21968.2	26.432	227	147	11	1	221	1	213	2.85e-48	160
P39615.1	Q91UM2.1	21.364	220	147	10	6	221	16	213	5.06e-22	92.7
P39615.1	P0DSP8.1	21.364	220	147	10	6	221	16	213	1.12e-21	92.0
P39615.1	P20536.1	20.909	220	148	10	6	221	16	213	1.14e-21	92.0
P39615.1	P04303.2	21.364	220	147	10	6	221	16	213	1.19e-21	92.0
P39615.1	M1LL92.1	20.909	220	148	10	6	221	16	213	1.62e-21	91.6
P39615.1	P0DSP7.1	21.818	220	146	10	6	221	16	213	1.01e-20	89.3
P39615.1	P32941.1	19.907	216	153	9	6	220	16	212	5.91e-19	84.7
# PSIBLAST 2.12.0+
# Iteration: 3
# Query: P39615.1 RecName: Full=Uracil-DNA glycosylase; Short=UDG [Bacillus subtilis subsp. subtilis str. 168]
# Database: ../../data/swissprot
# Fields: query acc.ver, subject acc.ver, % identity, alignment length, mismatches, gap opens, q. start, q. end, s. start, s. end, evalue, bit score
# 314 hits found
P39615.1	Q836Z5.1	68.304	224	71	0	1	224	1	224	4.34e-149	416
P39615.1	B7GMM1.1	67.556	225	73	0	1	225	1	225	8.08e-149	415
P39615.1	P39615.1	100.000	225	0	0	1	225	1	225	8.93e-148	413
P39615.1	A7GVE5.1	68.444	225	71	0	1	225	1	225	1.48e-147	412
P39615.1	A7ZA24.1	88.444	225	26	0	1	225	1	225	3.54e-147	411
P39615.1	Q65DN9.1	82.667	225	39	0	1	225	1	225	2.37e-145	407
P39615.1	C1DQR0.1	58.482	224	92	1	2	224	7	230	3.08e-145	407
P39615.1	Q5KUD0.1	68.018	222	71	0	4	225	3	224	3.85e-145	406
P39615.1	C5D9T3.1	69.820	222	67	0	4	225	3	224	3.87e-145	406
P39615.1	Q1I5T6.1	57.778	225	94	1	2	225	6	230	5.66e-145	406
P39615.1	Q88N05.1	57.778	225	94	1	2	225	6	230	1.52e-144	405
P39615.1	A8MM35.1	59.821	224	90	0	1	224	1	224	1.82e-144	404
P39615.1	B7HYF9.1	64.000	225	81	0	1	225	1	225	3.33e-144	404
P39615.1	A8FIM7.1	73.333	225	60	0	1	225	1	225	3.61e-144	404
P39615.1	B0KV50.1	56.444	225	97	1	2	225	6	230	3.69e-144	404
P39615.1	Q630K2.1	64.000	225	81	0	1	225	1	225	4.58e-144	403
P39615.1	A4ITQ2.1	68.468	222	70	0	4	225	3	224	6.59e-144	403
P39615.1	A5W8H2.1	56.889	225	96	1	2	225	6	230	6.75e-144	403
P39615.1	Q4KGS0.1	56.889	225	96	1	2	225	6	230	6.98e-144	403
P39615.1	Q9K682.1	64.574	223	79	0	3	225	2	224	7.74e-144	403
P39615.1	B2TQZ9.1	62.667	225	84	0	1	225	1	225	9.05e-144	403
P39615.1	Q72X51.1	64.000	225	81	0	1	225	1	225	1.47e-143	402
P39615.1	B1J4J3.1	56.000	225	98	1	2	225	6	230	2.11e-143	402
P39615.1	A6VAM7.1	53.778	225	103	1	2	225	7	231	2.14e-143	402
P39615.1	A6L7T5.1	55.000	220	99	0	1	220	1	220	3.55e-143	401
P39615.1	Q02HQ1.1	53.778	225	103	1	2	225	7	231	4.32e-143	401
P39615.1	Q3KGL4.1	55.556	225	99	1	2	225	6	230	9.01e-143	400
P39615.1	Q5L9D9.1	52.273	220	105	0	1	220	1	220	1.09e-142	400
P39615.1	C0Z887.1	64.126	223	80	0	1	223	1	223	1.99e-142	400
P39615.1	A6M317.1	60.000	225	90	0	1	225	1	225	3.30e-142	399
P39615.1	A9VSJ0.1	65.333	225	78	0	1	225	1	225	3.53e-142	398
P39615.1	B7HG60.1	63.556	225	82	0	1	225	1	225	1.06e-141	397
P39615.1	A0RLI1.1	65.333	225	78	0	1	225	1	225	4.30e-141	396
P39615.1	Q8A5V6.1	53.636	220	102	0	1	220	1	220	4.38e-141	396
P39615.1	Q03GV8.1	60.090	223	89	0	1	223	1	223	5.25e-141	396
P39615.1	C3LFS7.1	64.889	225	79	0	1	225	1	225	5.71e-141	396
P39615.1	C3KDS6.1	55.804	224	98	1	2	224	6	229	6.40e-141	396
P39615.1	B7JHM3.1	64.889	225	79	0	1	225	1	225	9.89e-141	395
P39615.1	Q0TUH0.1	61.778	225	86	0	1	225	1	225	1.09e-140	395
P39615.1	Q4ZPC2.1	57.778	225	94	1	2	225	6	230	1.18e-140	395
P39615.1	Q6HAN7.1	65.333	225	78	0	1	225	1	225	1.50e-140	395
P39615.1	A5VIJ2.1	60.987	223	87	0	1	223	1	223	2.77e-140	394
P39615.1	Q87XE2.1	56.889	225	96	1	2	225	6	230	3.35e-140	394
P39615.1	A1JKI8.1	56.019	216	93	2	8	221	6	221	3.37e-140	394
P39615.1	B7IRS8.1	63.111	225	83	0	1	225	1	225	3.61e-140	393
P39615.1	C6DC11.1	54.299	221	97	3	8	224	6	226	5.22e-140	393
P39615.1	Q5WAZ9.1	62.727	220	82	0	4	223	3	222	5.28e-140	393
P39615.1	Q8XNR7.1	60.889	225	88	0	1	225	1	225	5.47e-140	393
P39615.1	Q2NS03.1	55.605	223	95	3	1	221	1	221	6.14e-140	393
P39615.1	A8GI39.1	54.091	220	98	3	8	225	6	224	7.64e-140	393
P39615.1	B8FSV8.1	65.471	223	76	1	3	225	2	223	8.43e-140	393
P39615.1	Q0SWB8.1	61.333	225	87	0	1	225	1	225	8.77e-140	393
P39615.1	B4F058.1	50.901	222	107	2	6	225	4	225	1.18e-139	392
P39615.1	B4RLL6.1	54.128	218	98	2	7	222	2	219	1.52e-139	392
P39615.1	Q92LU5.1	52.466	223	105	1	3	224	5	227	1.53e-139	393
P39615.1	Q7MNR0.2	51.556	225	105	3	1	223	1	223	2.63e-139	392
P39615.1	Q48ET5.1	56.054	223	97	1	2	223	6	228	2.63e-139	392
P39615.1	Q92CI1.1	58.296	223	93	0	3	225	2	224	2.98e-139	391
P39615.1	C4Z8Z2.1	54.018	224	102	1	3	225	2	225	3.49e-139	391
P39615.1	B0UWA7.1	50.685	219	106	2	7	223	2	220	3.83e-139	391
P39615.1	P43731.1	55.300	217	95	2	8	222	3	219	4.09e-139	391
P39615.1	Q8UCM8.1	53.571	224	103	1	3	225	10	233	4.35e-139	392
P39615.1	Q720K2.1	57.848	223	94	0	3	225	2	224	5.11e-139	391
P39615.1	Q88YG1.1	59.821	224	90	0	1	224	1	224	5.31e-139	391
P39615.1	A6UDC0.1	51.570	223	107	1	3	224	5	227	7.95e-139	391
P39615.1	B8F6C3.1	50.917	218	106	1	7	223	2	219	8.46e-139	390
P39615.1	A7MS85.1	52.000	225	104	3	1	223	1	223	9.70e-139	390
P39615.1	Q87SC4.1	51.111	225	106	3	1	223	1	223	9.92e-139	390
P39615.1	A6TCJ2.1	52.074	217	102	2	6	220	4	220	1.60e-138	390
P39615.1	A9LZA2.1	53.670	218	99	2	7	222	2	219	1.68e-138	389
P39615.1	A1KU26.1	53.670	218	99	2	7	222	2	219	2.29e-138	389
P39615.1	C4LC44.1	51.584	221	105	2	7	225	2	222	2.94e-138	389
P39615.1	Q182G9.1	59.276	221	90	0	5	225	4	224	3.64e-138	388
P39615.1	Q0T1S6.1	52.995	217	100	2	6	220	4	220	3.69e-138	389
P39615.1	Q6D208.1	52.941	221	100	3	8	224	6	226	6.36e-138	388
P39615.1	A8A392.1	52.995	217	100	2	6	220	4	220	6.45e-138	388
P39615.1	A5F5R5.1	52.727	220	101	3	8	225	6	224	7.22e-138	388
P39615.1	B5Z154.1	52.995	217	100	2	6	220	4	220	7.44e-138	388
P39615.1	Q8Y7P6.1	57.399	223	95	0	3	225	2	224	8.10e-138	388
P39615.1	A1AEB0.1	52.995	217	100	2	6	220	4	220	9.47e-138	388
P39615.1	B7MYL3.1	53.456	217	99	2	6	220	4	220	1.25e-137	387
P39615.1	B6J738.1	52.968	219	102	1	7	224	8	226	1.34e-137	387
P39615.1	Q8FF08.3	52.995	217	100	2	6	220	4	220	1.45e-137	387
P39615.1	B7NRN6.1	52.995	217	100	2	6	220	4	220	1.64e-137	387
P39615.1	B5XNF8.1	53.488	215	98	2	8	220	6	220	1.79e-137	387
P39615.1	Q7N1U8.1	53.604	222	100	3	6	225	4	224	1.89e-137	387
P39615.1	Q65VN0.1	51.142	219	105	2	7	223	2	220	2.17e-137	387
P39615.1	A6TVW5.1	59.729	221	89	0	3	223	2	222	3.25e-137	386
P39615.1	Q83CW4.1	52.511	219	103	1	7	224	8	226	3.77e-137	386
P39615.1	B7LUY5.1	52.074	217	102	2	6	220	4	220	5.24e-137	386
P39615.1	Q9JUC4.1	53.211	218	100	2	7	222	2	219	7.00e-137	385
P39615.1	A3MZ80.1	52.752	218	101	2	7	222	2	219	7.28e-137	385
P39615.1	B3ERG6.1	53.636	220	102	0	1	220	1	220	7.50e-137	385
P39615.1	A8AD07.1	52.093	215	101	2	8	220	6	220	8.67e-137	385
P39615.1	C1CXS7.1	57.589	224	93	2	1	223	21	243	1.20e-136	386
P39615.1	B2GAM7.1	59.375	224	91	0	1	224	1	224	1.48e-136	385
P39615.1	B5F228.1	51.376	218	104	2	6	221	4	221	1.50e-136	385
P39615.1	A9N0W3.1	50.917	218	105	2	6	221	4	221	2.57e-136	384
P39615.1	A9MGV9.1	51.376	218	104	2	6	221	4	221	2.68e-136	384
P39615.1	A4WDE9.1	53.023	215	99	2	8	220	6	220	3.65e-136	383
P39615.1	A9KCD5.2	53.211	218	101	1	7	223	8	225	5.35e-136	383
P39615.1	B6J089.1	52.511	219	103	1	7	224	8	226	8.12e-136	383
P39615.1	Q3BNI2.1	46.875	224	118	1	2	224	7	230	1.15e-135	383
P39615.1	A5UBC0.1	53.917	217	98	2	8	222	3	219	1.21e-135	382
P39615.1	A0KMZ1.1	50.926	216	104	2	7	220	2	217	1.44e-135	382
P39615.1	Q4QPM6.1	53.917	217	98	2	8	222	3	219	2.12e-135	381
P39615.1	Q38VY5.1	54.709	223	100	1	1	223	1	222	3.89e-135	381
P39615.1	B1I012.1	57.589	224	93	1	1	222	1	224	4.54e-135	381
P39615.1	Q8PFZ6.1	45.536	224	121	1	2	224	7	230	6.03e-135	381
P39615.1	B1YFL0.1	54.128	218	100	0	5	222	1	218	8.91e-135	380
P39615.1	B2VEC7.1	52.273	220	101	3	8	223	6	225	1.16e-134	380
P39615.1	A9KP29.1	52.679	224	105	1	3	225	2	225	1.27e-134	380
P39615.1	P57807.1	50.455	220	107	2	8	225	3	222	1.38e-134	379
P39615.1	Q8EPH6.1	57.143	224	96	0	1	224	1	224	1.47e-134	380
P39615.1	A4SK71.1	50.233	215	105	2	8	220	3	217	1.89e-134	379
P39615.1	Q827B3.1	51.351	222	107	1	4	225	6	226	2.12e-134	379
P39615.1	A6VLV4.1	49.091	220	110	2	8	225	3	222	4.36e-134	378
P39615.1	B6EKY3.1	52.511	219	102	2	5	221	1	219	4.78e-134	378
P39615.1	B3WCZ5.1	58.482	224	92	1	1	224	1	223	7.41e-134	378
P39615.1	Q9K3Z0.1	50.000	222	110	1	4	225	6	226	7.72e-134	378
P39615.1	B0VD25.1	53.571	224	102	2	2	223	13	236	9.15e-134	378
P39615.1	A3M500.2	53.125	224	103	2	2	223	13	236	1.48e-133	377
P39615.1	B0RWT2.1	45.982	224	120	1	2	224	7	230	2.08e-133	377
P39615.1	Q7VMC0.1	51.598	219	104	2	7	223	2	220	2.50e-133	376
P39615.1	Q9RWH9.1	56.818	220	93	2	5	223	23	241	2.54e-133	377
P39615.1	Q74K70.1	59.193	223	90	1	1	223	1	222	3.87e-133	376
P39615.1	Q03SK6.1	56.889	225	95	1	1	223	1	225	4.17e-133	376
P39615.1	A7GVX1.1	49.107	224	113	1	2	225	7	229	9.93e-133	375
P39615.1	Q30Q92.1	54.338	219	100	0	4	222	5	223	1.16e-132	375
P39615.1	B2SJF5.1	46.429	224	119	1	2	224	7	230	1.28e-132	375
P39615.1	B5FAJ7.1	52.093	215	101	2	8	220	4	218	1.37e-132	374
P39615.1	B0VMZ7.1	53.125	224	103	2	2	223	13	236	1.42e-132	375
P39615.1	Q9LIH6.1	55.556	225	96	1	2	222	106	330	1.55e-132	378
P39615.1	Q5E2Y8.1	52.558	215	100	2	8	220	4	218	1.72e-132	374
P39615.1	A5FFT1.1	50.226	221	109	1	1	220	1	221	2.65e-132	373
P39615.1	Q4L3Q7.1	54.673	214	96	1	8	221	2	214	4.82e-132	373
P39615.1	Q1IWN1.1	55.708	219	96	1	5	223	22	239	5.39e-132	374
P39615.1	B6YR15.1	52.273	220	105	0	1	220	1	220	6.36e-132	373
P39615.1	B9DKT3.1	53.917	217	99	1	8	224	2	217	1.89e-131	371
P39615.1	Q6F9Y2.1	53.125	224	103	2	2	223	13	236	2.34e-131	372
P39615.1	Q5R080.1	52.113	213	101	1	9	220	3	215	2.53e-131	371
P39615.1	B2RHL6.1	50.450	222	105	2	2	220	3	222	1.14e-130	370
P39615.1	Q3IG47.1	50.685	219	105	3	7	222	2	220	1.17e-130	369
P39615.1	B1JRB1.1	55.093	216	95	2	8	221	6	221	1.23e-130	370
P39615.1	P97931.3	50.000	216	107	1	7	221	89	304	1.31e-130	373
P39615.1	A0M1V1.1	52.489	221	104	1	1	220	1	221	1.47e-130	369
P39615.1	Q723S4.1	48.848	217	111	0	8	224	4	220	1.81e-130	369
P39615.1	Q9PA28.2	45.536	224	121	1	2	224	15	238	1.83e-130	370
P39615.1	B2IAB2.1	45.536	224	121	1	2	224	15	238	2.00e-130	370
P39615.1	A4TKZ2.1	54.630	216	96	2	8	221	6	221	2.31e-130	369
P39615.1	A5IQD5.1	53.271	214	99	1	8	221	2	214	2.78e-130	368
P39615.1	Q2YS83.1	52.804	214	100	1	8	221	2	214	2.84e-130	368
P39615.1	P13051.2	50.000	216	107	1	7	221	96	311	3.18e-130	372
P39615.1	Q8Y9X7.1	48.387	217	112	0	8	224	4	220	3.49e-130	368
P39615.1	Q92EQ0.1	47.005	217	115	0	8	224	4	220	3.85e-130	368
P39615.1	Q7MXF6.1	50.893	224	104	3	1	220	1	222	3.90e-130	368
P39615.1	Q64QI5.1	48.182	220	114	0	1	220	1	220	4.10e-130	368
P39615.1	Q04BG7.1	56.696	224	96	1	1	224	1	223	4.31e-130	368
P39615.1	B0U620.1	45.089	224	122	1	2	224	15	238	5.36e-130	369
P39615.1	A7FFS4.1	54.630	216	96	2	8	221	6	221	6.42e-130	368
P39615.1	Q5LA67.1	47.727	220	115	0	1	220	1	220	8.83e-130	367
P39615.1	Q6GBQ6.1	53.271	214	99	1	8	221	2	214	8.98e-130	367
P39615.1	A7ZAZ4.1	50.000	222	110	1	2	223	7	227	9.67e-130	367
P39615.1	A0Q7Y8.1	52.074	217	102	2	8	222	2	218	1.12e-129	367
P39615.1	A4IWI7.1	52.074	217	102	2	8	222	2	218	2.15e-129	366
P39615.1	Q1GB22.1	56.696	224	96	1	1	224	1	223	2.72e-129	366
P39615.1	P29950.1	52.381	210	99	1	16	224	1	210	7.43e-129	365
P39615.1	A8YUE7.1	56.502	223	96	1	2	224	3	224	8.61e-129	365
P39615.1	A0RM89.1	48.879	223	113	1	2	224	7	228	1.05e-128	365
P39615.1	Q5FL46.1	56.951	223	95	1	2	224	3	224	1.05e-128	365
P39615.1	Q49VD1.1	52.336	214	101	1	8	221	2	214	1.21e-128	364
P39615.1	O84613.1	51.570	223	105	2	3	223	8	229	1.27e-128	365
P39615.1	B0B8I2.1	51.570	223	105	2	3	223	8	229	1.88e-128	364
P39615.1	Q8R634.1	54.955	222	100	0	3	224	2	223	2.35e-128	364
P39615.1	B0TXF5.1	51.152	217	104	2	8	222	2	218	3.46e-128	363
P39615.1	A7NAN4.1	51.613	217	103	2	8	222	2	218	2.29e-127	361
P39615.1	Q9PJD2.1	51.802	222	104	2	3	222	8	228	9.95e-127	360
P39615.1	Q821F7.1	51.802	222	104	2	4	223	9	229	1.32e-126	360
P39615.1	Q5L4Q4.1	51.351	222	105	2	4	223	9	229	1.82e-126	359
P39615.1	Q8CQ65.1	53.052	213	99	1	9	221	3	214	2.03e-126	358
P39615.1	A7I0A8.1	47.982	223	114	2	2	223	7	228	2.32e-126	359
P39615.1	A3CN85.1	53.488	215	98	1	6	220	3	215	2.92e-126	358
P39615.1	Q8EB78.1	50.691	217	105	2	8	222	2	218	4.49e-126	358
P39615.1	Q03KM6.1	53.488	215	98	1	6	220	3	215	4.73e-126	358
P39615.1	Q5HRG5.1	52.582	213	100	1	9	221	3	214	5.04e-126	358
P39615.1	A8AXM4.1	53.953	215	97	1	6	220	3	215	5.22e-126	358
P39615.1	Q256I7.1	51.351	222	105	2	4	223	9	229	9.30e-126	357
P39615.1	B9E8N2.1	50.459	218	107	1	8	225	2	218	1.32e-125	356
P39615.1	A4VV30.1	52.093	215	101	1	6	220	3	215	2.06e-125	356
P39615.1	B5RKV2.1	47.085	223	116	1	1	221	1	223	3.53e-125	356
P39615.1	A1VXG9.1	47.297	222	115	2	2	222	10	230	4.24e-125	356
P39615.1	Q7MA00.1	45.536	224	120	2	2	224	8	230	4.28e-125	356
P39615.1	Q5HX80.1	47.297	222	115	2	2	222	10	230	6.87e-125	355
P39615.1	Q9PJ40.1	47.297	222	115	2	2	222	10	230	7.58e-125	355
P39615.1	B2S1N8.1	46.188	223	118	1	1	221	1	223	1.39e-124	354
P39615.1	B5RQN2.1	46.188	223	118	1	1	221	1	223	3.20e-124	353
P39615.1	A1QYK3.1	46.637	223	117	1	1	221	1	223	3.73e-124	353
P39615.1	A7H1G3.1	46.396	222	117	2	2	222	10	230	3.88e-124	353
P39615.1	A5EVB8.1	45.740	223	118	3	2	222	8	229	7.62e-124	353
P39615.1	Q8DTV8.1	52.093	215	101	1	6	220	3	215	1.16e-123	351
P39615.1	A8FJP1.1	46.847	222	116	2	2	222	10	230	1.20e-123	352
P39615.1	P0A4P3.1	52.074	217	102	1	4	220	1	215	2.56e-123	351
P39615.1	B9KEK7.1	47.085	223	116	2	2	223	7	228	4.85e-123	350
P39615.1	C0M7J9.1	52.535	217	101	1	4	220	1	215	7.01e-123	350
P39615.1	B4U3D4.1	52.535	217	101	1	4	220	1	215	9.42e-123	349
P39615.1	B1IBW9.1	49.767	215	106	1	6	220	3	215	1.49e-122	349
P39615.1	Q9Z7D3.1	51.556	225	104	3	2	223	14	236	2.58e-122	349
P39615.1	C0ME57.1	51.613	217	103	1	4	220	1	215	5.62e-122	347
P39615.1	B9DSB9.1	52.558	215	100	1	6	220	3	215	6.48e-122	347
P39615.1	Q662W1.1	44.843	223	121	1	1	221	1	223	2.03e-121	346
P39615.1	C1CKR8.1	50.698	215	104	1	6	220	3	215	3.18e-121	345
P39615.1	B7J0Y9.1	45.740	223	119	1	1	221	1	223	3.96e-121	345
P39615.1	B8ZQ48.1	50.233	215	105	1	6	220	3	215	4.82e-121	345
P39615.1	B5E4R3.1	49.767	215	106	1	6	220	3	215	5.20e-121	345
P39615.1	P59465.1	44.595	222	121	2	1	220	1	222	1.62e-120	344
P39615.1	A8EWN8.1	46.729	214	113	1	8	220	2	215	2.77e-120	343
P39615.1	B8D787.1	47.685	216	112	1	8	222	4	219	3.30e-120	343
P39615.1	Q48U05.1	52.558	215	100	1	6	220	3	215	7.62e-120	342
P39615.1	Q0SPB2.1	44.843	223	121	1	1	221	1	223	1.03e-119	342
P39615.1	Q07YI6.1	48.611	216	109	2	9	222	5	220	2.13e-119	341
P39615.1	Q057V4.1	47.321	224	117	1	1	223	1	224	3.20e-119	341
P39615.1	Q1JC76.1	52.093	215	101	1	6	220	3	215	3.57e-119	340
P39615.1	P53766.2	46.818	220	112	4	9	224	128	346	3.79e-119	345
P39615.1	Q1J724.1	52.074	217	102	1	4	220	1	215	6.18e-119	340
P39615.1	B5XL20.1	52.093	215	101	1	6	220	3	215	7.13e-119	340
P39615.1	A2RF00.1	51.628	215	102	1	6	220	3	215	9.37e-119	339
P39615.1	A1SUE5.1	46.512	215	113	2	8	220	2	216	1.23e-118	339
P39615.1	Q7P1I1.1	45.413	218	118	1	5	221	11	228	1.71e-118	339
P39615.1	P0DG74.1	52.093	215	101	1	6	220	3	215	2.54e-118	338
P39615.1	Q8P1B6.1	52.558	215	100	1	6	220	3	215	3.65e-118	338
P39615.1	Q5XCK3.1	52.093	215	101	1	6	220	3	215	3.37e-117	335
P39615.1	Q7VRQ7.1	44.700	217	118	2	8	222	5	221	4.47e-117	335
P39615.1	Q9U221.1	46.222	225	116	5	1	221	57	280	6.16e-117	337
P39615.1	B1MXY4.1	51.152	217	104	1	4	220	3	217	1.29e-116	334
P39615.1	Q7VGS1.1	45.175	228	114	3	2	220	7	232	2.30e-116	334
P39615.1	A1UEC0.1	46.222	225	116	4	1	223	6	227	7.48e-116	332
P39615.1	B2UDL1.1	45.415	229	112	5	5	223	35	260	6.92e-115	331
P39615.1	A0QV01.1	44.889	225	119	4	1	223	6	227	1.47e-114	329
P39615.1	B2HIJ2.1	43.556	225	122	4	1	223	6	227	2.04e-113	326
P39615.1	A0PQ07.1	43.556	225	122	4	1	223	6	227	2.25e-113	326
P39615.1	Q73VJ7.1	45.778	225	117	4	1	223	6	227	2.38e-113	326
P39615.1	A0QJA9.1	45.778	225	117	4	1	223	6	227	4.49e-113	325
P39615.1	A1T717.1	44.000	225	119	5	1	223	6	225	5.45e-113	325
P39615.1	A4TE31.1	44.000	225	119	5	1	223	6	225	8.17e-113	325
P39615.1	Q03W63.1	50.459	218	105	2	4	220	3	218	9.13e-113	324
P39615.1	B8ZS02.1	44.444	225	120	4	1	223	6	227	1.26e-112	324
P39615.1	Q8XVE4.1	42.795	229	118	5	5	223	38	263	2.15e-112	325
P39615.1	O74834.1	42.534	221	123	3	5	221	82	302	2.16e-112	327
P39615.1	Q5YRZ2.1	44.000	225	121	4	1	223	6	227	2.40e-112	323
P39615.1	Q47Q90.1	44.444	225	118	5	1	223	9	228	2.06e-111	321
P39615.1	P28866.1	43.636	220	121	3	5	223	95	312	2.12e-110	321
P39615.1	P12887.1	41.772	237	121	4	3	222	100	336	2.32e-110	323
P39615.1	B1MDP0.1	44.444	225	119	5	1	223	6	226	2.66e-110	318
P39615.1	Q032L5.1	46.364	220	114	3	4	221	1	218	3.65e-110	318
P39615.1	A2RHW2.1	46.364	220	114	3	4	221	1	218	6.96e-110	317
P39615.1	Q9CIX2.1	45.909	220	115	3	4	221	1	218	1.08e-109	316
P39615.1	Q8FPQ4.1	44.796	221	114	6	5	222	23	238	4.41e-108	313
P39615.1	P52506.1	44.545	220	119	3	5	223	98	315	4.85e-108	316
P39615.1	P52507.1	44.545	220	119	3	5	223	99	316	9.25e-108	315
P39615.1	A1SNW4.1	43.304	224	120	5	2	223	10	228	1.50e-107	311
P39615.1	Q315T1.1	43.498	223	117	2	6	220	12	233	3.49e-106	308
P39615.1	Q9EX12.1	41.778	225	124	5	1	223	6	225	4.11e-106	308
P39615.1	P12888.1	41.304	230	125	4	2	222	27	255	2.26e-105	307
P39615.1	P53765.2	41.558	231	125	4	2	223	26	255	3.21e-105	306
P39615.1	Q82MX6.1	41.778	225	124	5	1	223	6	225	5.44e-105	304
P39615.1	Q7VUM8.1	42.661	218	116	5	9	221	23	236	2.29e-104	304
P39615.1	Q7W1Y7.1	42.661	218	116	5	9	221	23	236	3.32e-104	304
P39615.1	P10186.1	40.000	220	129	3	4	222	117	334	3.90e-104	306
P39615.1	Q7WQW5.1	42.661	218	116	5	9	221	23	236	3.96e-104	303
P39615.1	A9IGW1.1	43.805	226	119	5	5	224	19	242	6.02e-104	303
P39615.1	P28275.1	40.000	220	129	3	4	222	38	255	7.59e-104	303
P39615.1	O36395.1	38.793	232	130	5	2	223	23	252	9.52e-104	303
P39615.1	A1KMX0.1	44.889	225	119	4	1	223	6	227	1.26e-103	301
P39615.1	A8LD98.1	41.778	225	124	5	1	223	6	225	5.11e-103	299
P39615.1	Q21SE9.1	44.444	234	110	6	5	220	19	250	1.04e-102	300
P39615.1	Q2L0Y2.1	40.991	222	124	4	5	221	19	238	2.40e-102	299
P39615.1	Q98PV4.1	42.922	219	123	2	6	223	4	221	6.59e-102	297
P39615.1	Q01019.1	45.614	228	114	5	4	222	25	251	2.44e-101	296
P39615.1	Q9E6R2.1	40.724	221	128	3	5	223	93	312	7.06e-101	298
P39615.1	Q8NQU9.1	42.041	245	106	6	5	222	19	254	1.25e-100	294
P39615.1	Q8G3E9.1	44.811	212	106	5	19	222	5	213	2.33e-100	293
P39615.1	P09307.1	41.818	220	124	4	5	222	87	304	5.81e-100	295
P39615.1	B5ZC55.1	39.151	212	127	2	9	220	3	212	6.38e-100	291
P39615.1	P67078.1	40.991	222	126	4	4	223	12	230	6.54e-100	292
P39615.1	Q9J3N2.1	41.818	220	124	4	5	222	87	304	7.55e-100	294
P39615.1	P13158.1	39.352	216	128	3	4	218	78	291	1.73e-99	293
P39615.1	P53764.1	44.118	204	111	3	20	222	2	203	6.69e-98	286
P39615.1	F5HI85.1	35.747	221	139	3	4	222	29	248	8.89e-98	287
P39615.1	B1AJI8.1	39.151	212	127	2	9	220	3	212	4.64e-97	284
P39615.1	F5HFA1.1	40.870	230	126	4	4	224	26	254	4.86e-97	286
P39615.1	Q1GHJ4.1	44.700	217	114	5	10	223	11	224	1.08e-96	284
P39615.1	B5Z8Z4.1	40.529	227	124	4	5	222	9	233	4.20e-96	283
P39615.1	Q9ZJN9.1	40.529	227	124	4	5	222	9	233	1.88e-95	281
P39615.1	Q1CRR1.1	41.410	227	122	4	5	222	9	233	1.90e-95	281
P39615.1	P52447.1	38.839	224	132	4	5	224	32	254	3.13e-95	281
P39615.1	P56397.1	40.529	227	124	4	5	222	9	233	3.35e-95	280
P39615.1	B2UVB0.1	41.850	227	121	4	5	222	9	233	1.41e-94	279
P39615.1	Q17Z05.1	40.969	227	123	4	5	222	9	233	1.99e-94	278
P39615.1	B6JNI4.1	40.529	227	124	4	5	222	9	233	1.70e-93	276
P39615.1	P52345.1	38.393	224	133	4	5	224	32	254	2.35e-93	276
P39615.1	P50639.1	40.000	225	130	4	4	224	29	252	2.48e-93	276
P39615.1	Q6UDG6.1	37.557	221	133	4	5	223	145	362	3.15e-90	272
P39615.1	Q4A8N4.1	37.838	222	135	2	1	222	1	219	4.71e-90	266
P39615.1	Q5UPT2.1	32.510	243	139	6	4	222	129	370	6.45e-75	233
P39615.1	P47343.1	32.900	231	141	7	1	222	10	235	2.12e-73	225
P39615.1	P75536.1	32.489	237	139	10	1	221	1	232	1.81e-67	210
P39615.1	P21968.2	26.106	226	147	11	1	220	1	212	1.40e-52	171
P39615.1	Q91UM2.1	21.364	220	147	10	6	221	16	213	2.54e-48	160
P39615.1	P20536.1	20.909	220	148	10	6	221	16	213	6.66e-48	159
P39615.1	P0DSP8.1	21.364	220	147	10	6	221	16	213	8.74e-48	159
P39615.1	P04303.2	21.364	220	147	10	6	221	16	213	8.93e-48	159
P39615.1	M1LL92.1	20.909	220	148	10	6	221	16	213	3.14e-47	158
P39615.1	P32941.1	19.907	216	153	9	6	220	16	212	4.73e-47	157
P39615.1	P0DSP7.1	21.818	220	146	10	6	221	16	213	1.77e-46	156

Search has CONVERGED!
# BLAST processed 3 queries
