1 gi|1 2833 3088
2 gi|1 4991 5280
3 gi|1 11162 11300
4 gi|1 13002 13755
5 gi|1 13996 14174
6 gi|1 14419 14935
7 gi|1 15843 16036
8 gi|1 19569 20490
9 gi|1 23793 23898
10 gi|1 24062 24132
11 gi|1 27289 27381
12 gi|1 31579 33374
13 gi|1 33971 34028
14 gi|1 36291 36483
15 gi|10 10778 11759
16 gi|10 11743 11940
17 gi|10 12617 12700
18 gi|100 26 304
19 gi|100 444 622
20 gi|100 1216 1598
21 gi|100 1611 2084
22 gi|100 2287 2883
23 gi|100 3078 3215
24 gi|100 3243 3571
25 gi|100 3727 3791
26 gi|100 3786 4105
27 gi|100 4475 4692
28 gi|100 4689 4731
29 gi|100 4711 5227
30 gi|100 5410 5985
31 gi|100 5772 6234
32 gi|100 6672 6917
33 gi|100 33750 34115
34 gi|101 6462 6557
35 gi|101 9211 9405
36 gi|101 22702 22774
37 gi|101 25313 25852
38 gi|102 1 950
39 gi|102 946 1229
40 gi|102 1280 1612
41 gi|102 1603 2446
42 gi|102 2377 4585
43 gi|102 4569 5342
44 gi|102 5226 5712
45 gi|102 6226 6315
46 gi|102 6453 6703
47 gi|102 6815 6850
48 gi|102 6838 7219
49 gi|102 7199 8348
50 gi|102 8333 8397
51 gi|102 9950 10085
52 gi|102 10169 10263
53 gi|102 13584 13686
54 gi|102 14212 15220
55 gi|102 15589 16009
56 gi|102 16472 16646
57 gi|102 16699 18454
58 gi|102 18631 20016
59 gi|102 20554 20635
60 gi|102 20742 21312
61 gi|102 21768 21929
62 gi|102 22321 22868
63 gi|102 24348 24950
64 gi|102 25333 26750
65 gi|102 26807 27063
66 gi|102 27385 27579
67 gi|102 27701 28799
68 gi|102 30525 31633
69 gi|102 31802 32270
70 gi|102 32183 32799
71 gi|102 33142 35734
72 gi|102 37898 39075
73 gi|102 39769 40000
74 gi|103 206 430
75 gi|103 613 1283
76 gi|103 1618 2014
77 gi|103 2374 2817
78 gi|103 3132 3406
79 gi|103 3802 4020
80 gi|103 4607 4816
81 gi|103 5201 6175
82 gi|103 6170 6490
83 gi|103 6444 6538
84 gi|103 6533 6900
85 gi|103 6895 7283
86 gi|103 7272 7378
87 gi|103 8365 9016
88 gi|103 9037 9201
89 gi|103 10372 10515
90 gi|103 13021 13473
91 gi|103 13750 15237
92 gi|103 15115 15397
93 gi|103 15444 16634
94 gi|103 16866 17073
95 gi|103 17542 18038
96 gi|103 18472 18902
97 gi|103 23033 25331
98 gi|103 25851 26733
99 gi|103 26754 27317
100 gi|103 27326 28327
101 gi|103 28324 28393
102 gi|103 28400 28926
103 gi|103 29303 34488
104 gi|103 39175 39751
105 gi|104 4543 4725
106 gi|104 5751 6187
107 gi|104 20224 20808
108 gi|104 20803 21135
109 gi|104 23091 23203
110 gi|104 25335 25464
111 gi|104 32740 32778
112 gi|104 37133 37498
113 gi|104 38547 38624
114 gi|106 724 1144
115 gi|106 19786 20305
116 gi|106 32007 32340
117 gi|106 38418 39370
118 gi|108 9 581
119 gi|108 1403 2990
120 gi|108 10127 10356
121 gi|108 13592 13734
122 gi|108 33047 34848
123 gi|108 36455 36556
124 gi|108 36710 37129
125 gi|108 37654 37736
126 gi|108 37820 38789
127 gi|109 1022 1300
128 gi|109 4280 4558
129 gi|109 4597 4747
130 gi|109 5076 6272
131 gi|109 9125 9403
132 gi|109 12383 12661
133 gi|109 15641 15919
134 gi|109 18899 19177
135 gi|109 22157 22435
136 gi|109 25413 25714
137 gi|109 27367 27747
138 gi|109 28988 29393
139 gi|109 29432 29585
140 gi|109 29893 30026
141 gi|109 30090 30176
142 gi|109 34418 35242
143 gi|109 35857 36491
144 gi|109 37157 37272
145 gi|109 37411 37651
146 gi|109 38737 38851
147 gi|11 451 635
148 gi|11 643 1394
149 gi|11 2213 2357
150 gi|11 10023 10953
151 gi|11 20207 20388
152 gi|11 20431 22109
153 gi|11 27376 27445
154 gi|11 28285 28426
155 gi|11 29686 31724
156 gi|11 33580 33836
157 gi|11 36494 36705
158 gi|110 7021 7120
159 gi|110 7203 7560
160 gi|110 7581 7875
161 gi|110 7874 7991
162 gi|110 7996 8082
163 gi|110 8082 8780
164 gi|110 8778 9105
165 gi|110 12617 12693
166 gi|110 12808 12950
167 gi|110 12911 14360
168 gi|110 23662 23800
169 gi|110 27362 27763
170 gi|110 27624 28350
171 gi|110 28448 30846
172 gi|110 33876 34214
173 gi|110 35264 35721
174 gi|110 38767 39063
175 gi|110 39270 39410
176 gi|111 8954 9176
177 gi|111 18879 19135
178 gi|111 19239 19425
179 gi|111 22300 22423
180 gi|111 22414 22595
181 gi|111 22689 22941
182 gi|111 27577 27766
183 gi|111 27873 29547
184 gi|111 31220 31361
185 gi|112 996 1103
186 gi|112 9396 9513
187 gi|112 9526 9619
188 gi|112 10246 10508
189 gi|112 12010 12318
190 gi|112 12318 12514
191 gi|112 12564 12669
192 gi|112 13027 13103
193 gi|112 13486 13776
194 gi|112 13681 14051
195 gi|112 14070 14145
196 gi|112 14141 14311
197 gi|112 15168 15602
198 gi|112 15625 16199
199 gi|112 19843 20795
200 gi|112 25341 25700
201 gi|112 26666 27479
202 gi|112 29503 30346
203 gi|112 31891 32694
204 gi|113 1 586
205 gi|113 833 5089
206 gi|113 5081 5459
207 gi|113 5452 5900
208 gi|113 5901 6346
209 gi|113 6362 6492
210 gi|113 7041 9616
211 gi|113 11254 11456
212 gi|113 12252 13698
213 gi|113 15197 16385
214 gi|113 16749 17784
215 gi|113 18082 18441
216 gi|113 18760 19044
217 gi|113 19269 19357
218 gi|113 19449 20235
219 gi|113 20361 20696
220 gi|113 20925 21624
221 gi|113 21524 22236
222 gi|113 22683 23088
223 gi|113 23001 23246
224 gi|113 23506 24431
225 gi|113 24385 25441
226 gi|113 26897 27008
227 gi|113 27072 27384
228 gi|113 28178 28344
229 gi|113 28287 28556
230 gi|113 29885 30005
231 gi|113 33613 33699
232 gi|113 33682 33811
233 gi|113 34398 34452
234 gi|113 34856 34972
235 gi|113 35694 35824
236 gi|113 36665 36863
237 gi|113 37906 38407
238 gi|113 38403 38785
239 gi|113 38876 39138
240 gi|113 39436 40000
241 gi|115 1 1012
242 gi|115 865 1697
243 gi|115 1733 2663
244 gi|115 2894 2955
245 gi|115 2936 3138
246 gi|115 3147 4019
247 gi|115 4048 4922
248 gi|115 4790 6251
249 gi|115 6245 7887
250 gi|115 7815 8061
251 gi|115 8074 8457
252 gi|115 8407 8880
253 gi|115 8865 9290
254 gi|115 10803 11054
255 gi|115 11014 11554
256 gi|115 11540 11719
257 gi|115 11717 15280
258 gi|115 15248 15508
259 gi|115 15481 15717
260 gi|115 15683 17167
261 gi|115 16711 18462
262 gi|115 18078 20739
263 gi|115 20742 21530
264 gi|115 21636 22065
265 gi|115 22107 23559
266 gi|115 24331 24824
267 gi|115 24604 25469
268 gi|115 29562 29802
269 gi|115 29824 29963
270 gi|115 30023 30248
271 gi|115 30217 30519
272 gi|115 30752 30851
273 gi|115 30827 31361
274 gi|115 31245 40000
275 gi|116 1 1078
276 gi|116 1637 1789
277 gi|116 5431 5589
278 gi|116 9249 10570
279 gi|116 11170 12447
280 gi|116 21918 22881
281 gi|116 34004 34236
282 gi|116 34241 34434
283 gi|116 35057 36053
284 gi|116 36226 36314
285 gi|116 36763 36836
286 gi|116 36811 37579
287 gi|116 37647 38783
288 gi|117 1249 2003
289 gi|117 2739 4970
290 gi|117 6299 7789
291 gi|117 8198 8656
292 gi|117 8648 9000
293 gi|117 9191 9350
294 gi|117 9985 10081
295 gi|117 10245 10572
296 gi|117 11331 11810
297 gi|117 12140 12585
298 gi|117 15142 16251
299 gi|117 16515 16824
300 gi|117 17277 18029
301 gi|117 18807 19017
302 gi|117 25345 25452
303 gi|117 25430 25559
304 gi|117 26172 26403
305 gi|117 26743 27078
306 gi|117 27564 27918
307 gi|117 28491 28586
308 gi|117 28968 29245
309 gi|117 29396 29875
310 gi|118 38785 40000
311 gi|119 33 188
312 gi|119 1231 1317
313 gi|119 3005 4267
314 gi|119 12557 12680
315 gi|119 12652 12809
316 gi|119 18505 18724
317 gi|119 20272 20618
318 gi|119 21646 22097
319 gi|119 22339 23456
320 gi|119 24467 24880
321 gi|119 24858 25520
322 gi|119 25767 25880
323 gi|119 34023 35038
324 gi|119 38520 38714
325 gi|119 39026 39208
326 gi|12 1 1931
327 gi|12 1848 6222
328 gi|12 5965 9079
329 gi|12 9064 9280
330 gi|12 9197 13266
331 gi|12 13209 18946
332 gi|12 19194 19543
333 gi|12 20097 20402
334 gi|12 20611 20675
335 gi|12 20657 23472
336 gi|12 23417 28059
337 gi|12 28025 34651
338 gi|12 34592 35730
339 gi|12 35619 37353
340 gi|12 37527 37592
341 gi|12 39622 40000
342 gi|120 4698 5214
343 gi|120 5237 5287
344 gi|120 10896 11677
345 gi|120 11896 12149
346 gi|120 12139 12403
347 gi|120 21822 22020
348 gi|120 23642 24952
349 gi|120 25293 26149
350 gi|120 27020 27179
351 gi|120 32204 32335
352 gi|121 497 691
353 gi|121 8781 8950
354 gi|121 9192 9298
355 gi|121 11997 12097
356 gi|121 12736 13088
357 gi|121 13292 13500
358 gi|121 13988 14204
359 gi|121 16868 16978
360 gi|121 17457 17582
361 gi|121 17554 18317
362 gi|121 18310 18513
363 gi|121 20268 20502
364 gi|121 20791 20878
365 gi|121 26695 26912
366 gi|122 2119 2724
367 gi|122 14835 14911
368 gi|122 14874 16245
369 gi|122 17664 18102
370 gi|122 18670 18822
371 gi|122 18821 18945
372 gi|122 20492 21064
373 gi|122 22815 23051
374 gi|122 25100 25636
375 gi|122 27889 28408
376 gi|122 31444 31823
377 gi|122 32386 32681
378 gi|124 3824 3902
379 gi|124 38744 38887
380 gi|126 10098 10319
381 gi|126 18478 18684
382 gi|126 23087 23680
383 gi|126 24677 25218
384 gi|126 25424 26388
385 gi|126 26677 26795
386 gi|126 31642 31735
387 gi|126 34449 34652
388 gi|127 138 481
389 gi|127 3037 3584
390 gi|127 5492 5584
391 gi|127 6221 6396
392 gi|127 6993 7131
393 gi|127 10492 11498
394 gi|127 11563 11758
395 gi|127 11812 12203
396 gi|127 15014 15187
397 gi|127 19581 19895
398 gi|127 22597 23351
399 gi|127 23568 23731
400 gi|127 24103 24658
401 gi|127 28317 28446
402 gi|128 458 748
403 gi|128 639 925
404 gi|128 1008 1226
405 gi|128 1211 1311
406 gi|128 3745 4641
407 gi|128 5829 5934
408 gi|128 7955 8464
409 gi|128 8428 8691
410 gi|128 12228 12368
411 gi|128 12873 13013
412 gi|128 13165 13431
413 gi|128 13955 14448
414 gi|128 14441 14557
415 gi|128 14607 15077
416 gi|128 18124 18422
417 gi|128 19565 19940
418 gi|128 19869 20035
419 gi|128 22162 22436
420 gi|128 24852 24936
421 gi|128 25247 25425
422 gi|128 29489 29613
423 gi|128 30168 30626
424 gi|128 35851 36134
425 gi|128 36222 36310
426 gi|128 37133 38608
427 gi|128 38712 39138
428 gi|128 39331 39386
429 gi|129 9484 9689
430 gi|129 16548 16649
431 gi|129 16872 16992
432 gi|129 17387 18221
433 gi|129 25215 25370
434 gi|129 29767 29928
435 gi|129 30947 31346
436 gi|129 31935 32162
437 gi|129 33007 35653
438 gi|129 35650 35847
439 gi|129 36075 37137
440 gi|129 37191 38654
441 gi|13 4300 24099
442 gi|130 5522 6353
443 gi|130 9467 9633
444 gi|130 11318 11468
445 gi|130 13669 13891
446 gi|130 13925 14311
447 gi|130 15583 16432
448 gi|130 28982 29254
449 gi|130 29217 29705
450 gi|130 31821 32241
451 gi|130 36441 37298
452 gi|130 38375 38969
453 gi|130 39000 39415
454 gi|130 39277 39999
455 gi|131 3323 3579
456 gi|131 10695 10927
457 gi|131 10882 11119
458 gi|131 12972 13202
459 gi|131 22719 22852
460 gi|131 22943 23226
461 gi|131 24532 24616
462 gi|131 25239 25589
463 gi|131 25984 26090
464 gi|131 26299 26423
465 gi|131 26656 27788
466 gi|131 39571 39636
467 gi|132 6409 7827
468 gi|132 7672 8142
469 gi|132 8611 8713
470 gi|132 8983 9121
471 gi|132 10022 10728
472 gi|132 13515 14022
473 gi|132 15637 15982
474 gi|132 15813 16250
475 gi|132 30940 31203
476 gi|133 1 1286
477 gi|133 2884 4639
478 gi|133 4655 5504
479 gi|133 5875 7183
480 gi|133 7184 9552
481 gi|133 9429 13653
482 gi|133 13574 14690
483 gi|133 14666 17405
484 gi|133 17377 20027
485 gi|133 19971 21582
486 gi|133 21535 26530
487 gi|133 26433 34756
488 gi|133 34673 35358
489 gi|133 35322 37379
490 gi|133 37281 40000
491 gi|134 77 561
492 gi|134 13011 14773
493 gi|136 3916 4241
494 gi|136 4276 4614
495 gi|136 9365 9467
496 gi|136 10515 10700
497 gi|136 10982 11167
498 gi|136 11758 12127
499 gi|136 14641 14834
500 gi|136 15198 15354
501 gi|136 15579 15757
502 gi|136 16198 16501
503 gi|136 17497 17600
504 gi|136 17986 18251
505 gi|136 19247 19603
506 gi|136 30376 30434
507 gi|136 31333 31453
508 gi|136 34270 35407
509 gi|136 35727 35777
510 gi|138 183 736
511 gi|138 10474 10696
512 gi|138 11595 12041
513 gi|138 12162 12312
514 gi|138 14325 14697
515 gi|138 24342 25268
516 gi|138 28014 28374
517 gi|138 29024 29263
518 gi|138 29258 29310
519 gi|138 29371 29673
520 gi|138 29673 30059
521 gi|138 30071 30148
522 gi|138 31776 32174
523 gi|138 32116 33246
524 gi|138 33176 33487
525 gi|138 33460 33646
526 gi|138 34012 34131
527 gi|138 34112 34781
528 gi|138 34733 35196
529 gi|138 35565 35885
530 gi|138 37083 37157
531 gi|138 38994 39781
532 gi|139 2 70
533 gi|139 829 1425
534 gi|139 1253 1739
535 gi|139 1982 2340
536 gi|139 2228 3007
537 gi|139 4275 4402
538 gi|139 4961 5026
539 gi|139 5003 5344
540 gi|139 5402 6173
541 gi|139 6612 7617
542 gi|139 7521 7849
543 gi|139 7983 8057
544 gi|139 8418 8951
545 gi|139 9692 9855
546 gi|139 9856 20738
547 gi|139 20754 20933
548 gi|139 21050 21234
549 gi|139 21380 21574
550 gi|139 21484 21877
551 gi|139 22443 22514
552 gi|139 22517 25494
553 gi|139 25471 36442
554 gi|139 36407 39504
555 gi|139 39401 40000
556 gi|14 1 1259
557 gi|14 1561 2058
558 gi|14 1922 2347
559 gi|14 2290 3022
560 gi|14 2968 3125
561 gi|14 3648 4035
562 gi|14 3936 5093
563 gi|14 4989 5609
564 gi|14 5564 7538
565 gi|14 7523 8284
566 gi|14 8438 8534
567 gi|14 10152 10323
568 gi|14 11385 11507
569 gi|14 11621 11803
570 gi|14 11983 13125
571 gi|14 13080 13688
572 gi|14 13651 23865
573 gi|14 24010 25122
574 gi|14 25115 26504
575 gi|14 26440 31364
576 gi|14 31536 32449
577 gi|14 32351 35122
578 gi|14 35097 35560
579 gi|14 35403 36626
580 gi|14 37073 38173
581 gi|14 39769 39901
582 gi|140 22693 22885
583 gi|140 24292 24955
584 gi|140 36336 36570
585 gi|141 8985 9327
586 gi|141 9327 9492
587 gi|141 19887 21122
588 gi|141 21119 21700
589 gi|142 540 1637
590 gi|142 1760 2216
591 gi|142 11922 12142
592 gi|142 12126 12324
593 gi|142 15298 16143
594 gi|142 16681 16775
595 gi|142 17602 18106
596 gi|142 17913 18564
597 gi|142 19198 19625
598 gi|142 24168 24265
599 gi|142 27983 28167
600 gi|142 28238 28407
601 gi|142 29126 29354
602 gi|142 30599 30811
603 gi|142 34405 35111
604 gi|142 39190 39451
605 gi|143 1 252
606 gi|143 404 497
607 gi|143 631 1135
608 gi|143 1125 1351
609 gi|143 1455 1861
610 gi|143 2491 2648
611 gi|143 2581 3393
612 gi|143 4214 4715
613 gi|143 5726 6008
614 gi|143 6357 6703
615 gi|143 6675 7029
616 gi|143 7001 7426
617 gi|143 7386 8192
618 gi|143 8138 8410
619 gi|143 9330 9527
620 gi|143 9571 10025
621 gi|143 10041 13507
622 gi|143 13480 13853
623 gi|143 13852 15812
624 gi|143 15756 15898
625 gi|143 15909 16023
626 gi|143 16289 17847
627 gi|143 17903 18126
628 gi|143 18239 18953
629 gi|143 19138 19437
630 gi|143 19495 19844
631 gi|143 21417 22684
632 gi|143 22647 24906
633 gi|143 24918 26280
634 gi|143 26135 26436
635 gi|143 26473 26846
636 gi|143 27321 27692
637 gi|143 30592 30904
638 gi|143 32022 32324
639 gi|143 32524 32833
640 gi|143 32830 33489
641 gi|143 34514 35518
642 gi|143 36676 36882
643 gi|143 38120 38282
644 gi|144 1 1023
645 gi|144 1025 1176
646 gi|144 1171 3106
647 gi|144 2694 12271
648 gi|144 12226 12703
649 gi|144 12660 12934
650 gi|144 12873 15101
651 gi|144 15043 15386
652 gi|144 15355 21741
653 gi|144 21733 26278
654 gi|144 26230 27759
655 gi|144 27719 28313
656 gi|144 28306 30119
657 gi|144 30118 31474
658 gi|144 31465 32316
659 gi|144 32305 35869
660 gi|144 35864 37638
661 gi|144 37358 39585
662 gi|144 39611 39934
663 gi|144 39924 39999
664 gi|145 929 974
665 gi|145 1188 1538
666 gi|145 1561 1928
667 gi|145 1750 2458
668 gi|145 2709 3252
669 gi|145 3255 3332
670 gi|145 5469 7248
671 gi|145 7448 8063
672 gi|145 12988 13602
673 gi|145 14021 14354
674 gi|145 14311 15508
675 gi|145 15965 16361
676 gi|145 16646 16725
677 gi|145 16974 17612
678 gi|145 17666 18124
679 gi|145 18758 19942
680 gi|145 21234 22932
681 gi|145 22914 26909
682 gi|145 26889 36942
683 gi|145 36885 40000
684 gi|146 641 1031
685 gi|146 2483 2818
686 gi|146 14445 17148
687 gi|146 21568 21622
688 gi|146 28852 29639
689 gi|146 36257 36327
690 gi|146 36365 36471
691 gi|147 6254 6596
692 gi|147 11701 11928
693 gi|148 5064 5157
694 gi|148 5215 5864
695 gi|148 5873 5961
696 gi|148 6501 6603
697 gi|148 6590 7017
698 gi|148 9464 9574
699 gi|148 9807 10116
700 gi|148 12883 13116
701 gi|148 13105 13404
702 gi|148 13395 13606
703 gi|148 14763 14998
704 gi|148 16020 16240
705 gi|148 27108 27306
706 gi|148 33637 34084
707 gi|148 35226 35550
708 gi|148 36293 36393
709 gi|148 36382 37585
710 gi|148 37551 37920
711 gi|148 37829 38334
712 gi|148 38331 38975
713 gi|148 38918 39082
714 gi|148 39816 40000
715 gi|149 7665 7918
716 gi|149 8217 8335
717 gi|149 9134 9279
718 gi|149 9350 9694
719 gi|149 11808 12230
720 gi|149 16366 16789
721 gi|149 17091 17183
722 gi|149 17294 17415
723 gi|149 17929 18178
724 gi|149 28404 29740
725 gi|149 36842 36988
726 gi|15 1 4554
727 gi|15 4536 5091
728 gi|15 5069 6707
729 gi|15 6697 7663
730 gi|15 7663 8250
731 gi|15 8529 9242
732 gi|15 9241 10432
733 gi|15 10385 13108
734 gi|15 13490 14299
735 gi|15 14272 15873
736 gi|15 16347 16464
737 gi|15 16901 16997
738 gi|15 17154 18819
739 gi|15 19020 19069
740 gi|15 19046 19343
741 gi|15 19279 20402
742 gi|15 20339 21402
743 gi|15 21319 29028
744 gi|15 27740 32356
745 gi|15 32315 32987
746 gi|15 33064 33550
747 gi|15 33546 33643
748 gi|15 33649 34768
749 gi|15 34762 36737
750 gi|15 36606 36915
751 gi|15 36927 38166
752 gi|15 38110 39742
753 gi|15 39625 39926
754 gi|150 3486 3618
755 gi|150 27703 27805
756 gi|150 36037 36621
757 gi|150 36458 37313
758 gi|150 37406 38644
759 gi|150 38741 39044
760 gi|150 39224 40000
761 gi|151 5 1397
762 gi|151 1420 2248
763 gi|151 2421 4318
764 gi|151 4262 5989
765 gi|151 5958 10728
766 gi|151 10704 10947
767 gi|151 10882 17258
768 gi|151 17244 19430
769 gi|151 19864 20844
770 gi|151 20967 21059
771 gi|151 21099 22134
772 gi|151 22051 22653
773 gi|151 22568 22943
774 gi|151 22974 23114
775 gi|151 23101 23236
776 gi|151 23213 23442
777 gi|151 23911 24221
778 gi|151 24335 24400
779 gi|151 24371 24753
780 gi|151 24750 25124
781 gi|151 25117 25690
782 gi|151 25677 26893
783 gi|151 26861 27559
784 gi|151 27505 28959
785 gi|151 28954 31974
786 gi|151 31949 32204
787 gi|151 32249 32384
788 gi|151 32563 32957
789 gi|151 33567 33847
790 gi|151 34053 38480
791 gi|151 37860 40000
792 gi|152 580 932
793 gi|152 3953 4175
794 gi|152 4827 5236
795 gi|152 6337 6490
796 gi|152 7879 8082
797 gi|152 8726 9131
798 gi|152 10242 10411
799 gi|152 19766 19858
800 gi|152 20084 20327
801 gi|152 31969 32225
802 gi|152 32221 32551
803 gi|152 32553 32818
804 gi|152 32739 33467
805 gi|152 33463 34345
806 gi|152 37764 37815
807 gi|154 883 1224
808 gi|154 6469 6552
809 gi|154 9947 10014
810 gi|154 13917 14021
811 gi|154 18304 18434
812 gi|154 28465 28573
813 gi|154 29928 30067
814 gi|154 30077 30269
815 gi|154 30267 30426
816 gi|154 30405 30666
817 gi|154 31833 31960
818 gi|154 31899 32196
819 gi|154 34976 35320
820 gi|154 35566 35652
821 gi|154 35992 36090
822 gi|154 36170 36616
823 gi|154 37104 37210
824 gi|154 37242 37989
825 gi|154 38457 38565
826 gi|154 38899 39220
827 gi|155 14852 15681
828 gi|155 17520 17854
829 gi|155 21691 21998
830 gi|155 22749 23139
831 gi|155 23367 24750
832 gi|155 25106 25908
833 gi|155 26322 26590
834 gi|155 33328 33954
835 gi|155 34187 34901
836 gi|156 49 1969
837 gi|156 2148 2446
838 gi|156 2496 2620
839 gi|156 2572 2797
840 gi|156 3095 3298
841 gi|156 3265 3471
842 gi|156 3698 3803
843 gi|156 3755 3872
844 gi|156 4001 4105
845 gi|156 4056 4270
846 gi|156 4226 4348
847 gi|156 4405 4524
848 gi|156 4476 4694
849 gi|156 5080 5199
850 gi|156 5152 5373
851 gi|156 5674 5876
852 gi|156 5832 6049
853 gi|156 6290 6395
854 gi|156 6347 6464
855 gi|156 6532 6648
856 gi|156 6600 6813
857 gi|156 6769 6877
858 gi|156 6947 7083
859 gi|156 7035 7253
860 gi|156 7605 7729
861 gi|156 7682 7903
862 gi|156 8204 8406
863 gi|156 8362 8579
864 gi|156 8820 8925
865 gi|156 8877 8994
866 gi|156 9123 9228
867 gi|156 9178 9393
868 gi|156 9349 9470
869 gi|156 9527 9646
870 gi|156 9598 9813
871 gi|156 10090 10215
872 gi|156 10168 10389
873 gi|156 10677 10881
874 gi|156 10836 11054
875 gi|156 11284 11393
876 gi|156 11345 11462
877 gi|156 11598 11702
878 gi|156 11665 11867
879 gi|156 11823 11944
880 gi|156 12001 12120
881 gi|156 12072 12290
882 gi|156 12663 12788
883 gi|156 12741 12962
884 gi|156 13250 13454
885 gi|156 13409 13627
886 gi|156 13857 13966
887 gi|156 13918 14035
888 gi|156 14171 14275
889 gi|156 14226 14440
890 gi|156 14396 14517
891 gi|156 14573 14692
892 gi|156 14644 14862
893 gi|156 15235 15360
894 gi|156 15313 15534
895 gi|156 15822 16026
896 gi|156 15981 16199
897 gi|156 16429 16538
898 gi|156 16490 16607
899 gi|156 16743 16847
900 gi|156 16810 17012
901 gi|156 16968 17089
902 gi|156 17146 17265
903 gi|156 17217 17435
904 gi|156 17808 17933
905 gi|156 17886 18107
906 gi|156 18395 18599
907 gi|156 18554 18772
908 gi|156 19002 19111
909 gi|156 19063 19180
910 gi|156 19316 19420
911 gi|156 19383 19585
912 gi|156 19541 19662
913 gi|156 19719 19838
914 gi|156 19790 20008
915 gi|156 20381 20506
916 gi|156 20459 20680
917 gi|156 20968 21172
918 gi|156 21127 21345
919 gi|156 21575 21684
920 gi|156 21636 21753
921 gi|156 21889 21993
922 gi|156 21956 22158
923 gi|156 22114 22235
924 gi|156 22292 22411
925 gi|156 22363 22581
926 gi|156 22947 23072
927 gi|156 23025 23246
928 gi|156 23533 23736
929 gi|156 23692 23909
930 gi|156 24150 24255
931 gi|156 24207 24324
932 gi|156 24392 24508
933 gi|156 24460 24673
934 gi|156 24629 24737
935 gi|156 24807 24926
936 gi|156 24878 25096
937 gi|156 25441 25565
938 gi|156 25518 25739
939 gi|156 26040 26242
940 gi|156 26198 26415
941 gi|156 26656 26761
942 gi|156 26713 26830
943 gi|156 26959 27063
944 gi|156 27014 27186
945 gi|156 27182 27261
946 gi|156 27318 27437
947 gi|156 27389 27605
948 gi|156 27805 27930
949 gi|156 27882 28104
950 gi|156 28405 28607
951 gi|156 28563 28780
952 gi|156 29021 29126
953 gi|156 29078 29195
954 gi|156 29331 29435
955 gi|156 29386 29601
956 gi|156 29563 29679
957 gi|156 29736 29855
958 gi|156 29807 30025
959 gi|156 30416 30535
960 gi|156 30488 30709
961 gi|156 30665 30902
962 gi|156 30854 31072
963 gi|156 31425 31549
964 gi|156 31502 31723
965 gi|156 32011 32210
966 gi|156 32440 32549
967 gi|156 32501 32618
968 gi|156 32754 32858
969 gi|156 32821 33023
970 gi|156 32979 33100
971 gi|156 33157 33276
972 gi|156 33228 33446
973 gi|156 33814 33939
974 gi|156 33892 34113
975 gi|156 34400 34603
976 gi|156 34559 34776
977 gi|156 35017 35122
978 gi|156 35074 35191
979 gi|156 35259 35375
980 gi|156 35327 35540
981 gi|156 35496 35604
982 gi|156 35674 35793
983 gi|156 35745 35963
984 gi|156 36327 36446
985 gi|156 36399 36620
986 gi|156 36857 37074
987 gi|156 37311 37420
988 gi|156 37372 37489
989 gi|156 37618 37722
990 gi|156 37685 37887
991 gi|156 37843 37964
992 gi|156 38021 38140
993 gi|156 38092 38310
994 gi|156 38655 38775
995 gi|156 38733 38954
996 gi|156 39241 39444
997 gi|156 39400 39617
998 gi|156 39858 39994
999 gi|157 81 348
1000 gi|157 434 708
1001 gi|157 813 1123
1002 gi|157 1269 1371
1003 gi|157 1693 2058
1004 gi|157 2102 2178
1005 gi|157 2461 3423
1006 gi|157 3935 4128
1007 gi|157 9086 9341
1008 gi|157 12056 12234
1009 gi|157 26857 27071
1010 gi|157 31563 31879
1011 gi|157 32296 32547
1012 gi|158 275 375
1013 gi|158 6120 8234
1014 gi|158 11536 11620
1015 gi|158 13888 14019
1016 gi|158 15483 15577
1017 gi|158 19231 19406
1018 gi|158 23102 23883
1019 gi|158 24058 24376
1020 gi|158 29681 29802
1021 gi|158 35169 36312
1022 gi|159 1224 1491
1023 gi|159 1614 1729
1024 gi|159 2017 2156
1025 gi|159 2245 2478
1026 gi|159 4465 4687
1027 gi|159 6656 6890
1028 gi|159 6931 7867
1029 gi|159 7850 8038
1030 gi|159 8037 8094
1031 gi|159 9144 9463
1032 gi|159 13887 13959
1033 gi|159 18780 18861
1034 gi|159 38365 38999
1035 gi|159 38995 39102
1036 gi|159 39142 39302
1037 gi|16 19996 20747
1038 gi|16 25655 25722
1039 gi|16 28778 28876
1040 gi|16 28922 29206
1041 gi|16 29645 29941
1042 gi|16 30741 31079
1043 gi|16 34000 34233
1044 gi|16 37201 37444
1045 gi|16 39820 39962
1046 gi|161 287 848
1047 gi|161 1092 1201
1048 gi|161 1903 2330
1049 gi|161 3380 5522
1050 gi|161 5900 6315
1051 gi|161 7137 7744
1052 gi|161 7922 8686
1053 gi|161 8995 9530
1054 gi|161 11009 11061
1055 gi|161 12333 13042
1056 gi|161 14742 15233
1057 gi|161 15224 15889
1058 gi|161 15768 16104
1059 gi|161 23748 23848
1060 gi|161 24885 25197
1061 gi|161 25513 25657
1062 gi|161 25656 27418
1063 gi|161 37518 37642
1064 gi|161 39096 39954
1065 gi|162 9 286
1066 gi|162 11171 11572
1067 gi|162 11657 12133
1068 gi|162 22617 23926
1069 gi|162 24177 24366
1070 gi|162 24907 25349
1071 gi|162 25458 25560
1072 gi|162 25811 26035
1073 gi|162 26113 26212
1074 gi|163 30071 32559
1075 gi|164 4364 4483
1076 gi|164 4797 5656
1077 gi|164 5730 6879
1078 gi|164 7056 7163
1079 gi|164 22822 22978
1080 gi|164 23239 23537
1081 gi|164 23614 23735
1082 gi|164 23836 24160
1083 gi|164 26656 26847
1084 gi|164 27211 27371
1085 gi|164 31470 32301
1086 gi|164 32465 32643
1087 gi|164 32645 32991
1088 gi|166 1 2839
1089 gi|166 2932 4994
1090 gi|166 4974 8955
1091 gi|166 13387 13528
1092 gi|166 13545 13982
1093 gi|166 14664 15038
1094 gi|166 16000 16866
1095 gi|166 20589 23046
1096 gi|166 23572 23702
1097 gi|166 24282 24625
1098 gi|166 25214 25602
1099 gi|166 26756 27191
1100 gi|166 27551 27943
1101 gi|166 28852 28930
1102 gi|166 29304 29414
1103 gi|166 36247 36510
1104 gi|166 36941 37053
1105 gi|167 21118 24224
1106 gi|167 24213 27794
1107 gi|167 26475 30738
1108 gi|168 39774 40000
1109 gi|169 5128 5268
1110 gi|169 12158 12963
1111 gi|169 13367 13818
1112 gi|169 14163 14213
1113 gi|169 14311 14659
1114 gi|169 25650 26136
1115 gi|169 33373 33654
1116 gi|17 8345 8501
1117 gi|17 8664 8859
1118 gi|17 9532 9992
1119 gi|17 13645 13967
1120 gi|17 13899 14387
1121 gi|17 18367 19464
1122 gi|17 19594 19688
1123 gi|17 19769 19877
1124 gi|17 20005 20358
1125 gi|17 21046 21126
1126 gi|17 25439 25680
1127 gi|17 26305 27293
1128 gi|17 27660 28493
1129 gi|170 9077 9206
1130 gi|170 9506 10273
1131 gi|170 10393 10773
1132 gi|170 11202 12245
1133 gi|170 13113 13253
1134 gi|170 13560 14347
1135 gi|170 14459 14824
1136 gi|170 15282 15402
1137 gi|170 15452 15868
1138 gi|170 15884 16725
1139 gi|170 18241 18359
1140 gi|170 18594 19362
1141 gi|170 19465 19836
1142 gi|170 20127 21311
1143 gi|170 24585 25857
1144 gi|170 39493 39984
1145 gi|171 15251 15454
1146 gi|171 15466 15816
1147 gi|171 16588 16869
1148 gi|171 16867 17021
1149 gi|171 17183 17503
1150 gi|171 17486 17752
1151 gi|171 18901 19027
1152 gi|171 23782 23980
1153 gi|171 27578 27801
1154 gi|171 27814 28345
1155 gi|171 28318 29238
1156 gi|171 29270 29461
1157 gi|171 30751 30831
1158 gi|171 30943 31174
1159 gi|171 32161 32343
1160 gi|171 32614 33695
1161 gi|171 34695 34798
1162 gi|171 35101 35375
1163 gi|171 35478 35856
1164 gi|171 35851 36169
1165 gi|171 36147 36398
1166 gi|171 36441 36506
1167 gi|171 36797 36995
1168 gi|171 39090 39262
1169 gi|171 39640 40000
1170 gi|172 2407 2497
1171 gi|172 6026 6560
1172 gi|172 9477 10140
1173 gi|172 10703 10774
1174 gi|172 10850 11340
1175 gi|172 12941 13076
1176 gi|172 13738 13885
1177 gi|172 14157 14442
1178 gi|172 18320 18523
1179 gi|172 35096 35247
1180 gi|172 37004 37158
1181 gi|172 37265 39153
1182 gi|172 39181 39472
1183 gi|172 39508 39954
1184 gi|173 6754 7288
1185 gi|173 13674 14588
1186 gi|173 14743 14882
1187 gi|173 15002 15373
1188 gi|173 22435 22529
1189 gi|173 30002 31131
1190 gi|174 184 285
1191 gi|174 473 701
1192 gi|174 795 1051
1193 gi|174 949 1418
1194 gi|174 15304 15567
1195 gi|174 22198 22344
1196 gi|174 25610 25747
1197 gi|174 28323 28420
1198 gi|174 29193 29260
1199 gi|174 29276 29335
1200 gi|174 31857 31939
1201 gi|174 38357 38780
1202 gi|174 38893 39664
1203 gi|175 1 575
1204 gi|175 2657 4418
1205 gi|175 4380 4587
1206 gi|175 4824 4899
1207 gi|175 5223 5479
1208 gi|175 5950 6411
1209 gi|175 6699 6864
1210 gi|175 7043 7224
1211 gi|175 7784 7894
1212 gi|175 8663 9676
1213 gi|175 11891 12219
1214 gi|175 13316 13404
1215 gi|175 21083 21346
1216 gi|175 22159 22790
1217 gi|175 22895 23384
1218 gi|175 23601 23923
1219 gi|175 24040 24243
1220 gi|175 24239 24590
1221 gi|175 24578 24848
1222 gi|175 25523 25566
1223 gi|175 25647 25728
1224 gi|175 26066 27467
1225 gi|175 31494 32062
1226 gi|175 32039 32409
1227 gi|175 32720 33010
1228 gi|175 33128 33343
1229 gi|175 33451 33649
1230 gi|175 34739 35064
1231 gi|175 35330 35673
1232 gi|175 35843 36167
1233 gi|176 1 306
1234 gi|176 274 3037
1235 gi|176 2821 3779
1236 gi|176 3702 6783
1237 gi|176 6466 8794
1238 gi|176 8798 9592
1239 gi|176 9567 9980
1240 gi|176 10216 11204
1241 gi|176 11421 12136
1242 gi|176 12453 13242
1243 gi|176 13154 13980
1244 gi|176 13940 15528
1245 gi|176 15483 20331
1246 gi|176 20292 23628
1247 gi|176 23406 24234
1248 gi|176 24147 25248
1249 gi|176 25205 27931
1250 gi|176 27929 36925
1251 gi|176 36896 37288
1252 gi|176 37256 40000
1253 gi|177 1 1628
1254 gi|177 1708 2068
1255 gi|177 2269 2426
1256 gi|177 2431 2493
1257 gi|177 4174 4457
1258 gi|177 4600 4936
1259 gi|177 5238 5935
1260 gi|177 6305 8008
1261 gi|177 8226 10666
1262 gi|177 11246 11497
1263 gi|177 11480 12135
1264 gi|177 12488 12676
1265 gi|177 13795 14093
1266 gi|177 14948 15945
1267 gi|177 16131 16365
1268 gi|177 16861 17088
1269 gi|177 17210 17739
1270 gi|177 18154 18533
1271 gi|177 21040 21295
1272 gi|177 22096 22147
1273 gi|177 23350 24537
1274 gi|177 25009 26041
1275 gi|177 26533 27029
1276 gi|177 27126 32105
1277 gi|177 33243 33496
1278 gi|177 34906 35451
1279 gi|177 36339 40000
1280 gi|178 708 1050
1281 gi|178 2599 3302
1282 gi|178 7145 7656
1283 gi|178 7945 8138
1284 gi|178 8305 8397
1285 gi|178 8828 9266
1286 gi|178 15342 15690
1287 gi|178 18228 18890
1288 gi|178 18890 19022
1289 gi|178 21222 21340
1290 gi|178 21320 21680
1291 gi|178 23032 23315
1292 gi|178 23765 24032
1293 gi|178 24433 24560
1294 gi|178 28400 28613
1295 gi|178 29350 29959
1296 gi|178 29971 30263
1297 gi|178 30253 30683
1298 gi|178 31842 32177
1299 gi|178 32287 33250
1300 gi|178 33195 34134
1301 gi|178 34333 35029
1302 gi|178 35151 36577
1303 gi|178 36534 37203
1304 gi|178 37185 38032
1305 gi|178 38007 38264
1306 gi|178 38220 39139
1307 gi|178 39455 39987
1308 gi|18 19 2569
1309 gi|18 2622 4503
1310 gi|18 4499 4753
1311 gi|18 4956 5878
1312 gi|18 6291 6687
1313 gi|18 6676 6917
1314 gi|18 7146 7303
1315 gi|18 7298 7435
1316 gi|18 8436 8531
1317 gi|18 8516 8678
1318 gi|18 9273 10173
1319 gi|18 10379 10872
1320 gi|18 10861 11040
1321 gi|18 11050 11928
1322 gi|18 11828 12147
1323 gi|18 13136 13358
1324 gi|18 13384 13991
1325 gi|18 14010 14774
1326 gi|18 14783 14900
1327 gi|18 15195 15332
1328 gi|18 15357 15460
1329 gi|18 16886 17205
1330 gi|18 19268 19948
1331 gi|18 20404 21227
1332 gi|18 21093 21933
1333 gi|18 22026 22140
1334 gi|18 22541 22604
1335 gi|18 22595 22824
1336 gi|18 22823 22968
1337 gi|18 23827 23872
1338 gi|18 25681 25826
1339 gi|18 25909 26140
1340 gi|18 28617 28792
1341 gi|18 31239 31548
1342 gi|18 34097 36509
1343 gi|18 36487 36824
1344 gi|18 36686 37413
1345 gi|18 37786 38619
1346 gi|18 38705 38929
1347 gi|18 39494 40000
1348 gi|180 1 480
1349 gi|180 464 3243
1350 gi|180 3422 3507
1351 gi|180 6834 7097
1352 gi|180 7444 7528
1353 gi|180 8503 8579
1354 gi|180 9640 9726
1355 gi|180 11056 11166
1356 gi|180 12945 13022
1357 gi|180 19592 19716
1358 gi|180 19761 19971
1359 gi|180 20289 20563
1360 gi|180 20510 20822
1361 gi|180 20782 21785
1362 gi|180 22078 22299
1363 gi|180 23281 23640
1364 gi|180 23802 23935
1365 gi|180 24004 24125
1366 gi|180 24246 24441
1367 gi|180 24443 24595
1368 gi|180 24530 26005
1369 gi|180 25993 26192
1370 gi|180 26732 27448
1371 gi|180 27467 28901
1372 gi|180 29447 29623
1373 gi|180 30933 31136
1374 gi|180 31391 32885
1375 gi|180 32984 33189
1376 gi|180 33333 33443
1377 gi|180 33560 33785
1378 gi|180 33721 33959
1379 gi|180 35830 36659
1380 gi|180 36689 37283
1381 gi|181 12476 12674
1382 gi|181 25199 25318
1383 gi|181 26462 26559
1384 gi|181 39667 39883
1385 gi|182 3829 4166
1386 gi|182 4382 4578
1387 gi|182 4757 4942
1388 gi|182 5198 6098
1389 gi|182 6779 6862
1390 gi|182 9121 9225
1391 gi|182 10219 10822
1392 gi|182 10937 11333
1393 gi|182 11481 12217
1394 gi|182 12406 12882
1395 gi|182 13866 14258
1396 gi|182 14735 15121
1397 gi|182 15639 16154
1398 gi|182 16435 17073
1399 gi|182 18133 18248
1400 gi|182 19090 19279
1401 gi|182 19291 19878
1402 gi|182 20264 21036
1403 gi|182 21267 21418
1404 gi|182 21940 22004
1405 gi|182 21992 22160
1406 gi|182 23454 24123
1407 gi|182 24347 24719
1408 gi|182 25117 25630
1409 gi|182 26356 27324
1410 gi|182 27810 28592
1411 gi|182 28550 29132
1412 gi|182 29805 29994
1413 gi|182 30084 30606
1414 gi|182 30804 31026
1415 gi|182 32937 33191
1416 gi|182 33190 33489
1417 gi|182 34044 35193
1418 gi|182 35596 35673
1419 gi|182 35696 35857
1420 gi|182 36018 36522
1421 gi|182 37309 37611
1422 gi|182 38299 38469
1423 gi|183 1 2169
1424 gi|183 2240 2484
1425 gi|183 4517 4699
1426 gi|183 6073 6967
1427 gi|183 7057 7225
1428 gi|183 7290 7364
1429 gi|183 7441 8490
1430 gi|183 8499 8575
1431 gi|183 8583 8689
1432 gi|183 8774 9307
1433 gi|183 9338 9380
1434 gi|183 10308 10487
1435 gi|183 10546 10673
1436 gi|183 10694 11551
1437 gi|183 11714 12036
1438 gi|183 12029 12163
1439 gi|183 14779 15262
1440 gi|183 15268 15551
1441 gi|183 21461 21618
1442 gi|183 21847 22063
1443 gi|183 22119 22437
1444 gi|183 22891 23257
1445 gi|183 23238 23330
1446 gi|183 23372 23946
1447 gi|183 26210 26346
1448 gi|183 26286 26770
1449 gi|183 28212 29127
1450 gi|183 36597 36971
1451 gi|183 37045 37253
1452 gi|183 37263 37596
1453 gi|183 37995 38517
1454 gi|183 38670 39178
1455 gi|184 2 1093
1456 gi|184 3240 3456
1457 gi|184 11177 11406
1458 gi|184 13866 13914
1459 gi|184 15791 16014
1460 gi|184 24346 24685
1461 gi|184 24928 25092
1462 gi|184 27621 28084
1463 gi|184 27934 28287
1464 gi|184 28724 28883
1465 gi|184 28856 29018
1466 gi|184 29118 29269
1467 gi|184 34064 34126
1468 gi|184 34947 35001
1469 gi|185 1305 1461
1470 gi|185 6148 6292
1471 gi|185 8556 8607
1472 gi|185 18709 18930
1473 gi|185 22701 22832
1474 gi|185 23899 23983
1475 gi|185 37155 37603
1476 gi|185 37927 37973
1477 gi|186 16482 16844
1478 gi|186 22663 22795
1479 gi|186 27579 28407
1480 gi|186 34285 35665
1481 gi|186 35782 35910
1482 gi|186 36680 36806
1483 gi|187 26 175
1484 gi|187 190 302
1485 gi|187 2901 3173
1486 gi|187 3226 3388
1487 gi|187 9100 10309
1488 gi|187 10528 10645
1489 gi|187 12064 12655
1490 gi|187 18774 18866
1491 gi|187 23753 23918
1492 gi|187 24189 25733
1493 gi|187 28001 28241
1494 gi|187 30967 31284
1495 gi|187 32399 32521
1496 gi|187 32728 32861
1497 gi|187 33682 33928
1498 gi|189 23 582
1499 gi|189 576 652
1500 gi|189 644 1095
1501 gi|189 1166 1338
1502 gi|189 1502 1543
1503 gi|189 4572 4951
1504 gi|189 5231 5483
1505 gi|189 5969 6097
1506 gi|189 6440 7010
1507 gi|189 7330 8374
1508 gi|189 8602 8694
1509 gi|189 13857 14123
1510 gi|189 14540 15897
1511 gi|189 17284 17440
1512 gi|189 18249 19174
1513 gi|189 19880 20128
1514 gi|189 21363 21674
1515 gi|189 29336 29576
1516 gi|189 30927 31241
1517 gi|19 4379 4463
1518 gi|19 8671 11244
1519 gi|19 11664 11849
1520 gi|19 11891 12012
1521 gi|19 12489 12562
1522 gi|19 12555 13871
1523 gi|19 13871 14058
1524 gi|19 17468 18934
1525 gi|190 225 2095
1526 gi|190 2394 3029
1527 gi|190 3079 4208
1528 gi|190 4249 4595
1529 gi|190 4662 5169
1530 gi|190 5241 5547
1531 gi|190 5633 6565
1532 gi|190 6529 7018
1533 gi|190 7073 7402
1534 gi|190 7396 8439
1535 gi|190 10770 12591
1536 gi|190 12584 13245
1537 gi|190 16456 17241
1538 gi|190 17009 17685
1539 gi|190 23702 25660
1540 gi|190 32271 32518
1541 gi|190 33240 34426
1542 gi|190 35968 36251
1543 gi|191 5126 5246
1544 gi|191 6111 6298
1545 gi|191 13380 13530
1546 gi|192 2568 2697
1547 gi|192 9654 9802
1548 gi|192 12950 13187
1549 gi|192 18976 19420
1550 gi|192 19578 19757
1551 gi|192 24736 25172
1552 gi|192 25290 25474
1553 gi|192 26806 27101
1554 gi|192 30452 30597
1555 gi|192 36555 36644
1556 gi|192 36645 37059
1557 gi|192 39937 39985
1558 gi|193 1151 1241
1559 gi|193 1382 1477
1560 gi|193 6054 6202
1561 gi|193 6534 6771
1562 gi|193 7156 7325
1563 gi|193 7808 7990
1564 gi|193 10136 10351
1565 gi|193 10493 10791
1566 gi|193 11132 11609
1567 gi|193 12082 12214
1568 gi|193 12425 12745
1569 gi|193 15739 16822
1570 gi|193 17104 17512
1571 gi|193 18896 20189
1572 gi|193 29914 30660
1573 gi|193 30670 32332
1574 gi|193 32331 32371
1575 gi|193 32504 32656
1576 gi|193 32710 32814
1577 gi|193 33725 33977
1578 gi|193 34169 34273
1579 gi|193 34381 34646
1580 gi|193 34650 34713
1581 gi|193 34704 35101
1582 gi|193 35981 37180
1583 gi|193 37030 37392
1584 gi|193 37626 37918
1585 gi|193 38446 39955
1586 gi|195 82 293
1587 gi|195 288 472
1588 gi|195 6016 6731
1589 gi|195 6661 7171
1590 gi|195 8361 8583
1591 gi|195 10312 10591
1592 gi|195 12311 12652
1593 gi|195 14616 14723
1594 gi|195 15261 15999
1595 gi|195 18597 18734
1596 gi|195 21977 22283
1597 gi|195 22445 23034
1598 gi|195 23079 23417
1599 gi|195 23687 24825
1600 gi|195 25034 25211
1601 gi|195 25640 25864
1602 gi|195 26064 26313
1603 gi|195 26352 26880
1604 gi|195 27123 27579
1605 gi|195 27889 28090
1606 gi|195 28049 29840
1607 gi|195 29673 30052
1608 gi|195 35188 35340
1609 gi|195 35870 35943
1610 gi|195 36425 36535
1611 gi|195 37525 37702
1612 gi|195 39363 39535
1613 gi|195 39579 39736
1614 gi|196 1 787
1615 gi|196 807 1225
1616 gi|196 1625 2726
1617 gi|196 2531 3450
1618 gi|196 3913 4690
1619 gi|196 4660 4920
1620 gi|196 5241 5697
1621 gi|196 5800 7136
1622 gi|196 7224 7935
1623 gi|196 7804 8201
1624 gi|196 8547 8738
1625 gi|196 9214 9264
1626 gi|196 9243 9424
1627 gi|196 10137 10216
1628 gi|196 10703 11868
1629 gi|196 12189 12239
1630 gi|196 12218 12402
1631 gi|196 13114 13193
1632 gi|196 13826 14646
1633 gi|196 14513 14952
1634 gi|196 15228 15553
1635 gi|196 15517 15770
1636 gi|196 15843 15996
1637 gi|196 15933 16246
1638 gi|196 16235 16751
1639 gi|196 16981 17303
1640 gi|196 17300 17419
1641 gi|196 17385 28899
1642 gi|196 28894 30978
1643 gi|196 30916 31526
1644 gi|196 31510 31588
1645 gi|196 32147 32978
1646 gi|196 33035 33214
1647 gi|196 33459 33811
1648 gi|196 35896 36156
1649 gi|196 37827 38114
1650 gi|196 38253 38947
1651 gi|196 39664 40000
1652 gi|197 92 868
1653 gi|197 1534 2459
1654 gi|197 15333 15516
1655 gi|197 15888 16064
1656 gi|197 16065 16183
1657 gi|197 22267 22375
1658 gi|197 22411 22571
1659 gi|197 32736 33001
1660 gi|197 33375 33514
1661 gi|197 33653 33766
1662 gi|197 33794 34323
1663 gi|197 35215 35516
1664 gi|197 35721 35759
1665 gi|198 280 561
1666 gi|198 767 1086
1667 gi|198 1276 2876
1668 gi|198 5091 5269
1669 gi|198 6367 7253
1670 gi|198 7264 7513
1671 gi|198 11188 11301
1672 gi|198 11457 11658
1673 gi|198 11811 12011
1674 gi|198 12683 12859
1675 gi|198 13796 14289
1676 gi|198 15621 15879
1677 gi|198 16323 18190
1678 gi|198 18698 19714
1679 gi|198 20054 20273
1680 gi|198 20374 20774
1681 gi|198 20619 21016
1682 gi|198 21131 21374
1683 gi|198 22025 22595
1684 gi|198 23612 24167
1685 gi|198 27611 27919
1686 gi|198 28411 28780
1687 gi|198 28932 29309
1688 gi|198 29392 30909
1689 gi|198 31323 31533
1690 gi|198 32526 32697
1691 gi|198 33660 33885
1692 gi|198 34232 34418
1693 gi|198 36592 36953
1694 gi|198 37375 37424
1695 gi|198 37598 38065
1696 gi|198 38491 38759
1697 gi|199 997 1638
1698 gi|199 1956 2772
1699 gi|199 5996 6312
1700 gi|199 6791 6910
1701 gi|199 7627 7812
1702 gi|199 8534 9088
1703 gi|199 18018 18223
1704 gi|199 23364 24685
1705 gi|199 26901 28222
1706 gi|199 36617 37073
1707 gi|2 1 2636
1708 gi|2 2742 8644
1709 gi|2 8578 11038
1710 gi|2 11011 11603
1711 gi|2 13418 16160
1712 gi|2 16001 16819
1713 gi|2 17397 17710
1714 gi|2 17726 19458
1715 gi|2 19569 19967
1716 gi|2 19939 20854
1717 gi|2 20778 21270
1718 gi|2 21971 22213
1719 gi|2 23312 26388
1720 gi|20 1 143
1721 gi|20 901 1110
1722 gi|20 6705 8280
1723 gi|20 16046 18159
1724 gi|20 21881 22107
1725 gi|20 22077 23023
1726 gi|20 23182 25042
1727 gi|20 24602 26862
1728 gi|20 26576 27481
1729 gi|20 28923 29232
1730 gi|20 30386 30509
1731 gi|20 30681 31071
1732 gi|20 31412 31514
1733 gi|20 38383 39250
1734 gi|201 130 212
1735 gi|201 7195 7242
1736 gi|201 13871 14477
1737 gi|201 28634 29351
1738 gi|201 29453 31030
1739 gi|201 31858 33099
1740 gi|201 32734 34329
1741 gi|201 36093 36654
1742 gi|201 37697 39030
1743 gi|202 5144 5279
1744 gi|202 5360 10468
1745 gi|202 10835 10948
1746 gi|202 12399 13735
1747 gi|202 14287 14513
1748 gi|202 14791 15165
1749 gi|202 15234 16699
1750 gi|202 16678 16901
1751 gi|202 17350 18121
1752 gi|202 18738 19565
1753 gi|202 19466 19981
1754 gi|202 20002 20210
1755 gi|202 20225 20351
1756 gi|202 20761 21115
1757 gi|202 21290 21464
1758 gi|202 21492 22341
1759 gi|202 22272 22842
1760 gi|202 22959 23455
1761 gi|202 24477 25163
1762 gi|202 25816 26590
1763 gi|202 26648 27376
1764 gi|202 27646 28387
1765 gi|202 30115 30268
1766 gi|202 30633 31249
1767 gi|202 31494 31940
1768 gi|202 31929 32915
1769 gi|202 36872 37016
1770 gi|202 37125 37303
1771 gi|202 39122 39281
1772 gi|203 3142 3250
1773 gi|203 6597 6747
1774 gi|203 15356 15699
1775 gi|203 16446 16769
1776 gi|203 17929 18001
1777 gi|203 28107 28638
1778 gi|203 31931 32023
1779 gi|203 32225 32346
1780 gi|203 32710 33298
1781 gi|203 33198 33977
1782 gi|203 34271 34841
1783 gi|203 34558 35932
1784 gi|203 39136 39309
1785 gi|203 39377 40000
1786 gi|204 3965 4040
1787 gi|204 15644 15738
1788 gi|204 18875 19122
1789 gi|204 23285 23355
1790 gi|204 34614 34879
1791 gi|204 36402 36688
1792 gi|204 38402 38527
1793 gi|206 2 193
1794 gi|206 662 1719
1795 gi|206 2672 3170
1796 gi|206 5864 7104
1797 gi|206 8224 9378
1798 gi|206 9314 16006
1799 gi|206 17999 20562
1800 gi|206 20681 22437
1801 gi|206 23268 25588
1802 gi|206 25698 25930
1803 gi|206 25933 26631
1804 gi|206 26618 26778
1805 gi|206 26770 27652
1806 gi|206 27619 28559
1807 gi|206 28720 29451
1808 gi|206 29416 32084
1809 gi|206 32090 32688
1810 gi|206 32749 33810
1811 gi|206 33779 35322
1812 gi|206 34686 35968
1813 gi|206 35944 38167
1814 gi|206 38106 38400
1815 gi|206 38576 39240
1816 gi|206 39861 40000
1817 gi|207 135 1814
1818 gi|207 2594 3263
1819 gi|207 20213 20443
1820 gi|208 10720 10867
1821 gi|208 11381 11477
1822 gi|208 12762 13063
1823 gi|208 13426 13678
1824 gi|208 18394 18957
1825 gi|208 19410 19659
1826 gi|208 20254 20430
1827 gi|208 20871 21203
1828 gi|208 29820 30395
1829 gi|208 30617 31683
1830 gi|208 35324 35469
1831 gi|209 1995 2097
1832 gi|209 2418 2528
1833 gi|209 4358 4742
1834 gi|209 6022 6451
1835 gi|209 6595 6779
1836 gi|209 9142 9343
1837 gi|209 9259 10309
1838 gi|209 10310 11075
1839 gi|209 11883 12128
1840 gi|209 14775 14948
1841 gi|209 16451 16603
1842 gi|209 22650 23057
1843 gi|209 23233 23497
1844 gi|209 25187 25467
1845 gi|209 25781 26042
1846 gi|209 26921 27109
1847 gi|209 28028 28154
1848 gi|209 31817 31993
1849 gi|209 32747 33085
1850 gi|209 33384 33504
1851 gi|209 35004 35381
1852 gi|209 37285 37539
1853 gi|209 38409 39294
1854 gi|209 39273 39532
1855 gi|209 39505 40000
1856 gi|21 2027 2107
1857 gi|21 2255 2455
1858 gi|21 4276 4945
1859 gi|21 4921 5435
1860 gi|21 8848 8934
1861 gi|21 10131 10417
1862 gi|21 10527 10962
1863 gi|21 11458 12171
1864 gi|21 13000 13391
1865 gi|21 13692 13920
1866 gi|21 14913 15184
1867 gi|21 16036 16132
1868 gi|21 16203 17781
1869 gi|21 17775 18272
1870 gi|21 18334 21238
1871 gi|21 21756 22214
1872 gi|21 22440 22676
1873 gi|21 24340 24431
1874 gi|21 24508 26096
1875 gi|21 26090 26586
1876 gi|21 26633 29615
1877 gi|21 30035 30528
1878 gi|21 32049 32153
1879 gi|21 32151 38294
1880 gi|210 4944 5150
1881 gi|210 5226 5559
1882 gi|210 5705 5892
1883 gi|210 7499 8736
1884 gi|210 10057 10186
1885 gi|210 18981 19433
1886 gi|210 20589 20867
1887 gi|210 21611 22425
1888 gi|210 24994 25148
1889 gi|210 25631 26185
1890 gi|210 28588 28705
1891 gi|210 30481 30542
1892 gi|211 118 351
1893 gi|211 1393 1537
1894 gi|211 1538 1931
1895 gi|211 2032 2224
1896 gi|211 2221 2820
1897 gi|211 2765 3225
1898 gi|211 3212 4696
1899 gi|211 4641 4803
1900 gi|211 4779 5016
1901 gi|211 5135 5589
1902 gi|211 6053 6523
1903 gi|211 7105 7496
1904 gi|211 7458 8249
1905 gi|211 8203 8411
1906 gi|211 10132 10478
1907 gi|211 10720 11036
1908 gi|211 10908 11329
1909 gi|211 14072 14219
1910 gi|211 14245 15405
1911 gi|211 15369 16263
1912 gi|211 16152 16547
1913 gi|211 16984 17252
1914 gi|211 18052 18664
1915 gi|211 21526 21981
1916 gi|211 38030 40000
1917 gi|212 5582 5938
1918 gi|212 11206 11452
1919 gi|212 12568 12978
1920 gi|212 12973 13330
1921 gi|212 13291 13480
1922 gi|212 13648 13708
1923 gi|212 20466 20814
1924 gi|212 33465 33709
1925 gi|212 37194 37324
1926 gi|212 37281 37477
1927 gi|212 38003 38624
1928 gi|212 38744 39091
1929 gi|213 1371 1726
1930 gi|213 1879 2096
1931 gi|213 11332 11472
1932 gi|213 15726 15871
1933 gi|213 16196 16429
1934 gi|213 16407 16577
1935 gi|213 17751 18064
1936 gi|213 18204 18447
1937 gi|213 19243 19317
1938 gi|213 25866 27480
1939 gi|213 28048 28288
1940 gi|213 35986 36097
1941 gi|213 36794 37644
1942 gi|213 39855 39999
1943 gi|214 90 805
1944 gi|214 782 3654
1945 gi|214 3049 6539
1946 gi|214 6160 7806
1947 gi|214 7803 8965
1948 gi|214 8957 9688
1949 gi|214 10781 11010
1950 gi|214 11137 11314
1951 gi|214 11299 11524
1952 gi|214 11754 12325
1953 gi|214 12337 13512
1954 gi|214 13498 14741
1955 gi|214 14793 14877
1956 gi|214 15563 17203
1957 gi|214 19267 23310
1958 gi|214 23197 24817
1959 gi|214 25832 25909
1960 gi|214 26349 27079
1961 gi|214 27148 27567
1962 gi|214 27753 32569
1963 gi|214 32644 33276
1964 gi|214 34066 38891
1965 gi|214 38854 39829
1966 gi|214 39783 40000
1967 gi|215 6543 6648
1968 gi|215 8735 9009
1969 gi|215 9083 9230
1970 gi|215 9414 9580
1971 gi|215 15254 15807
1972 gi|215 26313 26476
1973 gi|215 26710 27221
1974 gi|215 29958 30080
1975 gi|216 1 1961
1976 gi|216 1889 2138
1977 gi|216 2104 3302
1978 gi|216 3230 3631
1979 gi|216 3943 4354
1980 gi|216 4295 6557
1981 gi|216 6485 6849
1982 gi|216 6848 6899
1983 gi|216 6891 7736
1984 gi|216 7712 8770
1985 gi|216 8739 9299
1986 gi|216 9261 10851
1987 gi|216 10795 12426
1988 gi|216 12420 12918
1989 gi|216 13217 16648
1990 gi|216 16538 17493
1991 gi|216 17484 17793
1992 gi|216 17785 19646
1993 gi|216 19567 21242
1994 gi|216 21212 23438
1995 gi|216 23442 24758
1996 gi|216 24676 27279
1997 gi|216 27264 28662
1998 gi|216 28430 30210
1999 gi|216 30197 30795
2000 gi|216 30783 32570
2001 gi|216 32526 35779
2002 gi|216 35777 35925
2003 gi|216 35901 36035
2004 gi|216 36124 37700
2005 gi|216 38246 39094
2006 gi|216 39430 40000
2007 gi|217 8409 9290
2008 gi|217 10498 10625
2009 gi|217 11037 11133
2010 gi|217 15639 15720
2011 gi|217 16596 16956
2012 gi|217 17383 17547
2013 gi|217 17732 17863
2014 gi|217 19236 19402
2015 gi|217 22296 22421
2016 gi|217 22510 23345
2017 gi|217 23331 24487
2018 gi|217 24549 24658
2019 gi|217 28901 29094
2020 gi|217 29935 30398
2021 gi|217 37238 38253
2022 gi|217 38256 38489
2023 gi|217 39004 39962
2024 gi|218 53 214
2025 gi|218 228 529
2026 gi|218 535 655
2027 gi|218 782 819
2028 gi|218 6143 6370
2029 gi|218 7239 7713
2030 gi|218 13085 13325
2031 gi|218 13466 14591
2032 gi|218 15085 15232
2033 gi|218 15395 15899
2034 gi|218 19167 19426
2035 gi|218 25485 25623
2036 gi|218 34183 34250
2037 gi|218 39796 39996
2038 gi|219 1 2316
2039 gi|219 2257 3161
2040 gi|219 3108 4731
2041 gi|219 4252 6154
2042 gi|219 5739 10686
2043 gi|219 11876 12277
2044 gi|219 12178 12668
2045 gi|219 12642 12945
2046 gi|219 13245 14333
2047 gi|219 15037 17191
2048 gi|219 17881 18535
2049 gi|219 18598 19207
2050 gi|219 19205 19346
2051 gi|219 19656 19713
2052 gi|219 20016 20296
2053 gi|219 20577 20751
2054 gi|219 20717 20893
2055 gi|219 21836 22296
2056 gi|219 22234 25248
2057 gi|219 25194 25447
2058 gi|219 25440 26378
2059 gi|219 26310 27903
2060 gi|219 27900 28258
2061 gi|219 28237 29869
2062 gi|219 31225 32822
2063 gi|219 32709 33771
2064 gi|219 33743 36898
2065 gi|219 36860 37243
2066 gi|219 37091 37505
2067 gi|219 37446 37985
2068 gi|219 38476 38938
2069 gi|219 38844 40000
2070 gi|22 5147 8894
2071 gi|22 8875 13321
2072 gi|220 1517 1619
2073 gi|220 3154 3456
2074 gi|220 8153 8268
2075 gi|220 8848 9054
2076 gi|220 23008 23478
2077 gi|221 2100 2212
2078 gi|221 4298 4475
2079 gi|221 4457 4671
2080 gi|221 4866 5031
2081 gi|221 5072 5172
2082 gi|221 7291 7664
2083 gi|221 16208 16288
2084 gi|221 18194 18292
2085 gi|221 21667 22113
2086 gi|221 22997 23111
2087 gi|221 27329 27423
2088 gi|221 36748 36819
2089 gi|221 37850 38174
2090 gi|221 38766 39055
2091 gi|222 651 2460
2092 gi|222 3835 4123
2093 gi|222 5018 6871
2094 gi|222 8414 8542
2095 gi|222 16801 16856
2096 gi|222 22477 22569
2097 gi|222 22561 22679
2098 gi|222 22968 23929
2099 gi|222 24003 24516
2100 gi|222 25360 25961
2101 gi|222 31195 31397
2102 gi|222 31545 32205
2103 gi|222 32304 32474
2104 gi|222 32481 33006
2105 gi|222 33034 33193
2106 gi|222 33393 33513
2107 gi|222 35336 35719
2108 gi|222 35708 36621
2109 gi|222 36708 37382
2110 gi|222 37901 40000
2111 gi|223 2891 3055
2112 gi|223 5850 6471
2113 gi|223 9450 9682
2114 gi|223 12871 12992
2115 gi|223 22982 23144
2116 gi|223 30588 32508
2117 gi|223 32583 33143
2118 gi|223 33301 33402
2119 gi|223 33868 34157
2120 gi|223 34536 34599
2121 gi|223 34604 34899
2122 gi|223 35046 36425
2123 gi|223 36505 37239
2124 gi|224 7 225
2125 gi|224 195 809
2126 gi|224 1803 2137
2127 gi|224 2107 2721
2128 gi|224 3693 4019
2129 gi|224 3998 4612
2130 gi|224 5599 5942
2131 gi|224 5912 6527
2132 gi|224 7513 7856
2133 gi|224 7826 8440
2134 gi|224 9435 9784
2135 gi|224 9734 10391
2136 gi|224 10576 12014
2137 gi|224 11975 14984
2138 gi|224 14935 15742
2139 gi|224 15742 16380
2140 gi|224 17011 17430
2141 gi|224 17425 17727
2142 gi|224 17651 18272
2143 gi|224 18220 23679
2144 gi|224 23603 24108
2145 gi|224 24057 24175
2146 gi|224 24135 24381
2147 gi|224 24314 24554
2148 gi|224 25234 25792
2149 gi|224 25822 26096
2150 gi|224 26931 27071
2151 gi|224 27063 27228
2152 gi|224 29481 29861
2153 gi|224 29869 30097
2154 gi|224 30193 31459
2155 gi|224 32067 33883
2156 gi|224 34169 34386
2157 gi|224 34457 35171
2158 gi|224 35647 35783
2159 gi|224 35803 36704
2160 gi|224 36691 37131
2161 gi|224 37390 38091
2162 gi|224 38548 38848
2163 gi|226 1380 1627
2164 gi|226 2648 3892
2165 gi|226 4032 4265
2166 gi|226 4673 5872
2167 gi|226 6455 6592
2168 gi|226 7042 10421
2169 gi|226 11043 11901
2170 gi|226 11999 12271
2171 gi|226 14388 15465
2172 gi|226 16547 17814
2173 gi|226 18077 19003
2174 gi|226 19057 19117
2175 gi|226 19129 20018
2176 gi|226 20076 23628
2177 gi|226 23508 24189
2178 gi|226 24164 24233
2179 gi|226 24483 28822
2180 gi|226 28698 29002
2181 gi|226 29199 29323
2182 gi|226 29844 31336
2183 gi|226 31596 32080
2184 gi|226 31970 32417
2185 gi|226 34002 34211
2186 gi|226 34275 34547
2187 gi|226 37242 37999
2188 gi|226 38642 39051
2189 gi|226 39257 39395
2190 gi|226 39380 39930
2191 gi|227 240 389
2192 gi|227 404 843
2193 gi|227 1095 1640
2194 gi|227 2178 2706
2195 gi|227 3415 3593
2196 gi|227 3655 3817
2197 gi|227 5167 6272
2198 gi|227 6375 7629
2199 gi|227 8295 8479
2200 gi|227 8862 8922
2201 gi|227 9154 9704
2202 gi|227 9670 10065
2203 gi|227 10348 10659
2204 gi|227 11277 11638
2205 gi|227 11623 12121
2206 gi|227 12294 12701
2207 gi|227 13065 13759
2208 gi|227 14002 14420
2209 gi|227 15141 15556
2210 gi|227 15624 16135
2211 gi|227 16267 17203
2212 gi|227 17304 17848
2213 gi|227 20283 20486
2214 gi|227 22389 23464
2215 gi|227 23802 23887
2216 gi|227 24130 24299
2217 gi|227 24611 25255
2218 gi|227 27005 27442
2219 gi|227 28006 29556
2220 gi|227 29575 31726
2221 gi|227 31693 31782
2222 gi|227 32858 33191
2223 gi|227 33254 33774
2224 gi|227 33721 34669
2225 gi|227 34569 35080
2226 gi|228 16 694
2227 gi|228 710 1302
2228 gi|228 3260 3353
2229 gi|228 3643 4419
2230 gi|228 4753 4982
2231 gi|228 5780 5927
2232 gi|228 7662 8234
2233 gi|228 10749 10804
2234 gi|228 10789 10926
2235 gi|228 11516 11821
2236 gi|228 14379 14457
2237 gi|228 14481 15317
2238 gi|228 17266 17498
2239 gi|228 17497 17556
2240 gi|228 18956 19229
2241 gi|228 20039 21156
2242 gi|228 24498 24838
2243 gi|228 25426 25537
2244 gi|228 25508 25764
2245 gi|228 26167 26733
2246 gi|228 28436 29411
2247 gi|228 29714 29894
2248 gi|228 29886 30099
2249 gi|228 33442 34029
2250 gi|228 35395 35493
2251 gi|228 35602 35741
2252 gi|228 36389 36966
2253 gi|229 527 576
2254 gi|229 5840 5910
2255 gi|229 6454 6545
2256 gi|229 30876 31025
2257 gi|229 37810 38440
2258 gi|229 38566 39362
2259 gi|230 6449 6589
2260 gi|230 8402 8695
2261 gi|230 8940 9952
2262 gi|230 10033 11017
2263 gi|230 10870 11489
2264 gi|230 11277 12018
2265 gi|230 12213 13764
2266 gi|230 14971 15166
2267 gi|230 15160 15398
2268 gi|230 25196 25646
2269 gi|230 25869 26296
2270 gi|230 29496 30149
2271 gi|230 30435 30512
2272 gi|230 30509 30971
2273 gi|230 30975 32073
2274 gi|230 32195 32683
2275 gi|230 34990 35321
2276 gi|230 38709 38825
2277 gi|230 39911 40000
2278 gi|231 1 1350
2279 gi|231 1313 1999
2280 gi|231 1990 2612
2281 gi|231 2668 3113
2282 gi|231 3175 3571
2283 gi|231 5022 5911
2284 gi|231 6722 8033
2285 gi|231 8020 11694
2286 gi|231 12519 13852
2287 gi|231 14603 14867
2288 gi|231 15646 16163
2289 gi|231 16147 17714
2290 gi|231 17726 18476
2291 gi|231 18658 18761
2292 gi|231 18787 19552
2293 gi|231 20836 21003
2294 gi|231 21005 21083
2295 gi|231 21160 21877
2296 gi|231 21893 22037
2297 gi|231 22051 22895
2298 gi|231 23302 23494
2299 gi|231 24268 24484
2300 gi|231 25247 25439
2301 gi|231 26181 26373
2302 gi|231 27119 27307
2303 gi|231 27654 27846
2304 gi|231 28618 28834
2305 gi|231 29600 29792
2306 gi|231 30533 30725
2307 gi|231 31471 31659
2308 gi|231 32006 32198
2309 gi|231 32969 33185
2310 gi|231 33949 34141
2311 gi|231 34883 35075
2312 gi|231 35821 36009
2313 gi|231 36378 36547
2314 gi|231 37349 37461
2315 gi|231 38324 38475
2316 gi|231 39280 39993
2317 gi|233 1666 1878
2318 gi|233 2301 2896
2319 gi|233 2874 3242
2320 gi|233 3827 4273
2321 gi|233 4280 4378
2322 gi|233 5653 5746
2323 gi|233 6153 6338
2324 gi|233 7765 7997
2325 gi|233 8421 8553
2326 gi|233 8601 9220
2327 gi|233 11764 11862
2328 gi|233 12891 13191
2329 gi|233 13155 13445
2330 gi|233 15281 15650
2331 gi|233 15666 15922
2332 gi|233 18089 18233
2333 gi|233 19817 20064
2334 gi|233 20289 21158
2335 gi|233 21256 21577
2336 gi|233 23071 23137
2337 gi|233 26426 26618
2338 gi|233 28242 28447
2339 gi|233 28917 29814
2340 gi|234 2972 3194
2341 gi|234 4095 4271
2342 gi|234 4344 4427
2343 gi|234 14715 14859
2344 gi|234 16147 16999
2345 gi|234 16824 18195
2346 gi|234 23182 23351
2347 gi|234 26513 27654
2348 gi|234 34001 34089
2349 gi|234 34161 34475
2350 gi|234 34725 35528
2351 gi|234 35770 35905
2352 gi|234 36177 36304
2353 gi|235 4962 5402
2354 gi|235 6117 6198
2355 gi|235 9465 9700
2356 gi|235 23437 24561
2357 gi|235 25251 26599
2358 gi|235 26913 28099
2359 gi|235 28406 28693
2360 gi|235 28759 29122
2361 gi|235 32883 33288
2362 gi|235 33754 33875
2363 gi|235 33953 34019
2364 gi|235 38982 39108
2365 gi|236 78 1114
2366 gi|236 1572 3125
2367 gi|236 3342 3937
2368 gi|236 3929 4222
2369 gi|236 4192 4707
2370 gi|236 5180 6515
2371 gi|236 6468 6759
2372 gi|236 6675 6853
2373 gi|236 6771 7830
2374 gi|236 8180 8370
2375 gi|236 8745 9183
2376 gi|236 9343 9623
2377 gi|236 12421 12582
2378 gi|236 13765 14761
2379 gi|236 15270 16026
2380 gi|236 16101 16358
2381 gi|236 17428 18244
2382 gi|236 18764 18854
2383 gi|236 21781 22097
2384 gi|236 22361 23191
2385 gi|236 24162 25017
2386 gi|236 25081 25443
2387 gi|236 25676 25891
2388 gi|236 27381 27597
2389 gi|236 29201 29631
2390 gi|236 29797 30528
2391 gi|236 32710 33492
2392 gi|236 33921 34257
2393 gi|236 35690 35826
2394 gi|236 35832 36448
2395 gi|236 36417 37861
2396 gi|236 38420 38667
2397 gi|237 1206 1277
2398 gi|237 1343 1533
2399 gi|237 5911 6026
2400 gi|237 6474 6625
2401 gi|237 6634 8667
2402 gi|237 9414 9600
2403 gi|237 13213 13816
2404 gi|237 14462 14884
2405 gi|237 25912 26694
2406 gi|237 26697 27105
2407 gi|237 27395 28776
2408 gi|237 29840 30104
2409 gi|238 1628 1945
2410 gi|238 1853 2294
2411 gi|238 4582 4973
2412 gi|238 6828 6924
2413 gi|238 7044 7147
2414 gi|238 7121 7396
2415 gi|238 13663 13970
2416 gi|238 14020 14936
2417 gi|238 18898 18983
2418 gi|238 27526 27674
2419 gi|238 32082 32200
2420 gi|238 32306 32549
2421 gi|238 33001 33402
2422 gi|238 37764 37966
2423 gi|238 38120 38364
2424 gi|238 38942 39149
2425 gi|238 39743 39929
2426 gi|239 6870 6983
2427 gi|239 18390 19027
2428 gi|239 19037 19140
2429 gi|239 24937 25212
2430 gi|239 26971 27137
2431 gi|239 32534 32625
2432 gi|239 33588 34258
2433 gi|239 38449 38734
2434 gi|239 38717 38812
2435 gi|239 39098 39782
2436 gi|240 5829 5961
2437 gi|240 8936 9922
2438 gi|240 22137 22278
2439 gi|240 24096 24142
2440 gi|240 26806 26969
2441 gi|240 27423 27728
2442 gi|240 34714 34927
2443 gi|241 676 1443
2444 gi|241 5362 5816
2445 gi|241 14049 14167
2446 gi|241 17118 18133
2447 gi|241 23270 23335
2448 gi|241 24487 25245
2449 gi|241 25567 25802
2450 gi|241 28856 28907
2451 gi|241 28929 29060
2452 gi|241 30652 30742
2453 gi|241 32439 32576
2454 gi|241 33908 34376
2455 gi|241 34755 35125
2456 gi|241 35172 35823
2457 gi|241 36241 36541
2458 gi|241 36522 36682
2459 gi|241 36904 37071
2460 gi|241 37068 37323
2461 gi|241 37694 38096
2462 gi|241 38357 38853
2463 gi|241 39241 39384
2464 gi|241 39327 40000
2465 gi|242 1 249
2466 gi|242 5440 5725
2467 gi|242 5857 6396
2468 gi|242 7281 7510
2469 gi|242 15628 15798
2470 gi|242 17404 17844
2471 gi|242 20517 20695
2472 gi|242 29150 29827
2473 gi|242 30029 30118
2474 gi|242 34681 34926
2475 gi|243 1 1565
2476 gi|243 1529 2435
2477 gi|243 2409 3689
2478 gi|243 4062 4461
2479 gi|243 4439 6011
2480 gi|243 5999 6331
2481 gi|243 6207 9670
2482 gi|243 9253 11450
2483 gi|243 11417 13508
2484 gi|243 13506 14285
2485 gi|243 14244 16550
2486 gi|243 16118 17004
2487 gi|243 16987 19370
2488 gi|243 18999 20362
2489 gi|243 20251 24670
2490 gi|243 24667 25300
2491 gi|243 25716 26385
2492 gi|243 26348 31083
2493 gi|243 30971 31397
2494 gi|243 32311 32693
2495 gi|243 32930 33200
2496 gi|243 33167 39674
2497 gi|243 39736 39992
2498 gi|244 1 395
2499 gi|244 409 1463
2500 gi|244 1481 1977
2501 gi|244 4118 7434
2502 gi|244 7449 7774
2503 gi|244 7889 9288
2504 gi|244 10276 10337
2505 gi|244 11166 11851
2506 gi|244 11816 13335
2507 gi|244 13131 18401
2508 gi|244 18380 21602
2509 gi|244 21620 21687
2510 gi|244 23521 24578
2511 gi|244 24994 25485
2512 gi|244 27041 27327
2513 gi|244 27511 27839
2514 gi|244 28165 28442
2515 gi|244 28424 28969
2516 gi|244 28967 29267
2517 gi|244 29247 33969
2518 gi|244 33943 34365
2519 gi|244 34446 34612
2520 gi|244 35004 35251
2521 gi|244 35931 36527
2522 gi|244 37294 37375
2523 gi|245 1501 1834
2524 gi|245 31472 31673
2525 gi|245 36561 36607
2526 gi|247 1755 1808
2527 gi|247 2735 2862
2528 gi|247 3867 4194
2529 gi|247 4315 4575
2530 gi|247 4558 4955
2531 gi|247 4951 5171
2532 gi|247 5186 5289
2533 gi|247 5309 11788
2534 gi|247 11778 12221
2535 gi|247 12284 13113
2536 gi|247 15021 17235
2537 gi|247 17213 17444
2538 gi|247 17478 18163
2539 gi|247 19363 19728
2540 gi|247 19679 20549
2541 gi|247 20822 22390
2542 gi|247 22566 22648
2543 gi|247 24741 25470
2544 gi|247 28817 30419
2545 gi|247 30641 30764
2546 gi|247 30865 31400
2547 gi|247 31940 32630
2548 gi|247 33738 33933
2549 gi|247 34651 34711
2550 gi|247 34752 36413
2551 gi|247 36444 36619
2552 gi|247 38087 38372
2553 gi|247 38984 39163
2554 gi|248 2732 2840
2555 gi|248 7782 8400
2556 gi|248 15746 15840
2557 gi|248 24886 25425
2558 gi|248 25418 26402
2559 gi|248 28475 28552
2560 gi|248 34208 34740
2561 gi|249 22 101
2562 gi|249 1316 1761
2563 gi|249 1847 2229
2564 gi|249 2412 2730
2565 gi|249 29881 30427
2566 gi|249 30923 31174
2567 gi|249 31170 31989
2568 gi|249 32500 32806
2569 gi|250 1 708
2570 gi|250 546 1252
2571 gi|250 1887 2250
2572 gi|250 2453 3456
2573 gi|250 3523 3955
2574 gi|250 10830 10961
2575 gi|250 17828 18028
2576 gi|250 19066 19551
2577 gi|250 20595 20680
2578 gi|250 29802 30570
2579 gi|250 31010 31080
2580 gi|250 31268 31584
2581 gi|250 32144 32243
2582 gi|250 33009 33304
2583 gi|250 33423 33857
2584 gi|250 34079 34950
2585 gi|250 37070 38007
2586 gi|250 38001 38371
2587 gi|251 3 216
2588 gi|251 5830 6373
2589 gi|251 7919 8016
2590 gi|251 8320 8755
2591 gi|251 9190 9548
2592 gi|251 9830 9983
2593 gi|251 11218 11446
2594 gi|251 12265 12532
2595 gi|251 13065 13494
2596 gi|251 14386 14778
2597 gi|251 17248 17581
2598 gi|251 17933 18109
2599 gi|251 18557 18806
2600 gi|251 18981 19528
2601 gi|251 21794 22085
2602 gi|251 22169 22283
2603 gi|251 23957 24036
2604 gi|251 25894 26031
2605 gi|251 27224 27318
2606 gi|251 27500 27772
2607 gi|251 28947 29498
2608 gi|251 29838 29980
2609 gi|251 30243 30558
2610 gi|251 30947 31156
2611 gi|251 32914 33228
2612 gi|251 34015 34336
2613 gi|251 35377 35738
2614 gi|251 39654 39993
2615 gi|252 17864 18264
2616 gi|252 18767 19130
2617 gi|252 21786 21981
2618 gi|252 22095 23465
2619 gi|252 24003 24131
2620 gi|252 25200 27249
2621 gi|252 27477 29186
2622 gi|252 29214 29538
2623 gi|252 30303 31644
2624 gi|252 35114 35391
2625 gi|252 38414 38721
2626 gi|252 38973 39278
2627 gi|252 39365 39610
2628 gi|253 5854 6107
2629 gi|253 12217 12361
2630 gi|253 27223 27464
2631 gi|253 27804 27951
2632 gi|253 28587 28704
2633 gi|253 39656 39989
2634 gi|254 1230 1343
2635 gi|254 6583 6683
2636 gi|254 6973 7439
2637 gi|254 14037 14480
2638 gi|254 14671 15090
2639 gi|254 35390 36217
2640 gi|254 36297 37345
2641 gi|254 38834 39405
2642 gi|254 39398 39653
2643 gi|256 1369 1719
2644 gi|256 1573 1940
2645 gi|256 2938 3265
2646 gi|256 4331 4498
2647 gi|256 5067 5303
2648 gi|256 6381 7103
2649 gi|256 7925 8233
2650 gi|256 8801 8969
2651 gi|256 11567 12613
2652 gi|256 12946 13425
2653 gi|256 19498 19587
2654 gi|256 19550 20770
2655 gi|256 20717 23316
2656 gi|256 23319 28635
2657 gi|256 29195 29566
2658 gi|256 34976 37248
2659 gi|256 38312 39853
2660 gi|257 9187 9292
2661 gi|257 9723 9790
2662 gi|257 17991 23115
2663 gi|257 25911 25976
2664 gi|257 27209 27882
2665 gi|257 31730 32530
2666 gi|257 32581 32942
2667 gi|257 32973 33493
2668 gi|257 33719 33978
2669 gi|257 34690 34923
2670 gi|27 8519 8636
2671 gi|27 8756 10162
2672 gi|27 11019 11075
2673 gi|27 16072 16298
2674 gi|27 31669 31880
2675 gi|28 18368 18500
2676 gi|28 23629 23683
2677 gi|28 23721 24026
2678 gi|28 26806 28573
2679 gi|28 28640 28765
2680 gi|28 28809 29408
2681 gi|29 82 161
2682 gi|29 580 659
2683 gi|29 1078 1154
2684 gi|29 1508 1587
2685 gi|29 2006 2085
2686 gi|29 2504 2583
2687 gi|29 3002 3077
2688 gi|29 9766 9845
2689 gi|29 10264 10343
2690 gi|29 10762 10838
2691 gi|29 11192 11271
2692 gi|29 11690 11769
2693 gi|29 12188 12267
2694 gi|29 12687 12763
2695 gi|29 13117 13196
2696 gi|29 13614 13693
2697 gi|29 14112 14188
2698 gi|29 14542 14621
2699 gi|29 15040 15115
2700 gi|29 17896 17975
2701 gi|29 18396 18471
2702 gi|3 2760 3016
2703 gi|3 4241 4423
2704 gi|3 15546 15988
2705 gi|3 25493 25803
2706 gi|3 26556 26748
2707 gi|3 27445 27514
2708 gi|3 39555 40000
2709 gi|30 1 79
2710 gi|30 262 621
2711 gi|30 1794 2060
2712 gi|30 3172 3399
2713 gi|30 7624 7839
2714 gi|30 8116 8315
2715 gi|30 9568 9831
2716 gi|30 9882 12220
2717 gi|30 15031 15142
2718 gi|30 16745 16996
2719 gi|30 17529 17812
2720 gi|30 17783 18252
2721 gi|30 18308 18528
2722 gi|30 19647 19775
2723 gi|30 26265 26479
2724 gi|30 33603 34395
2725 gi|31 1681 3239
2726 gi|31 3794 4835
2727 gi|31 6735 7373
2728 gi|31 7410 7977
2729 gi|31 7791 8208
2730 gi|31 8857 9238
2731 gi|31 9382 9499
2732 gi|31 9555 9638
2733 gi|31 9963 10484
2734 gi|31 11343 13679
2735 gi|31 13993 16654
2736 gi|31 16968 19356
2737 gi|31 19476 19642
2738 gi|31 20123 20373
2739 gi|31 22987 23215
2740 gi|31 23613 23710
2741 gi|31 24795 25296
2742 gi|31 25315 28610
2743 gi|31 28593 29779
2744 gi|31 30667 32249
2745 gi|31 35878 36104
2746 gi|31 37788 37936
2747 gi|31 37926 38162
2748 gi|31 38442 39152
2749 gi|32 1 2790
2750 gi|32 2965 3221
2751 gi|32 3611 4272
2752 gi|32 4404 4644
2753 gi|32 4677 5042
2754 gi|32 5571 6106
2755 gi|32 6126 7402
2756 gi|32 7023 8300
2757 gi|32 8320 8514
2758 gi|32 8514 9553
2759 gi|32 9536 9848
2760 gi|32 9760 10514
2761 gi|32 10427 11078
2762 gi|32 11357 11710
2763 gi|32 11693 11767
2764 gi|32 11839 12769
2765 gi|32 12751 13055
2766 gi|32 13286 16281
2767 gi|32 16160 18720
2768 gi|32 18674 19736
2769 gi|32 19733 20190
2770 gi|32 20181 20313
2771 gi|32 20308 20787
2772 gi|32 20781 20905
2773 gi|32 20891 21580
2774 gi|32 21693 22800
2775 gi|32 22785 23510
2776 gi|32 23407 24245
2777 gi|32 24358 26422
2778 gi|32 26423 26646
2779 gi|32 26598 26954
2780 gi|32 27368 27535
2781 gi|32 27517 27693
2782 gi|32 27689 28697
2783 gi|32 29062 31461
2784 gi|32 31389 33387
2785 gi|32 33405 34243
2786 gi|32 34383 35734
2787 gi|32 35746 36446
2788 gi|32 36768 36978
2789 gi|32 36953 37188
2790 gi|32 38486 38724
2791 gi|32 38927 39626
2792 gi|32 39644 40000
2793 gi|33 2160 2340
2794 gi|33 5009 6230
2795 gi|33 6287 6789
2796 gi|33 7739 8195
2797 gi|33 8528 8994
2798 gi|33 10472 10760
2799 gi|33 10800 10889
2800 gi|33 15022 15215
2801 gi|33 21239 21410
2802 gi|33 24224 24317
2803 gi|33 24361 24459
2804 gi|33 25225 25319
2805 gi|33 25558 26800
2806 gi|33 26736 27099
2807 gi|33 27011 27404
2808 gi|33 28625 29446
2809 gi|33 29693 31007
2810 gi|33 30969 31272
2811 gi|33 31659 32920
2812 gi|33 35616 35744
2813 gi|33 35923 36055
2814 gi|34 3887 5128
2815 gi|34 5434 6105
2816 gi|34 6078 6681
2817 gi|34 7930 8936
2818 gi|34 9268 10760
2819 gi|34 12804 12891
2820 gi|34 14589 15698
2821 gi|34 17375 17472
2822 gi|34 22557 22615
2823 gi|34 29509 29573
2824 gi|34 30942 31032
2825 gi|34 31899 32579
2826 gi|34 32730 34287
2827 gi|35 11 745
2828 gi|35 1409 2664
2829 gi|35 2822 4151
2830 gi|35 4504 5734
2831 gi|35 6355 7654
2832 gi|35 10382 10658
2833 gi|35 11216 11364
2834 gi|35 11624 12059
2835 gi|35 12524 13514
2836 gi|35 17746 19341
2837 gi|35 19363 19476
2838 gi|35 19553 21330
2839 gi|35 21464 23032
2840 gi|35 24129 25710
2841 gi|36 1 284
2842 gi|36 245 1605
2843 gi|36 1587 2079
2844 gi|36 2037 2544
2845 gi|36 2443 13338
2846 gi|36 13304 13641
2847 gi|36 13592 17005
2848 gi|36 16991 18106
2849 gi|36 18119 19202
2850 gi|36 19253 19472
2851 gi|36 19442 20696
2852 gi|36 20654 21334
2853 gi|36 21090 21641
2854 gi|36 22342 23829
2855 gi|36 23203 25751
2856 gi|36 25851 26553
2857 gi|36 26647 27405
2858 gi|36 27743 29323
2859 gi|36 30555 34231
2860 gi|36 36270 36566
2861 gi|36 38226 38605
2862 gi|36 38585 40000
2863 gi|37 6056 6196
2864 gi|37 8062 8143
2865 gi|37 12987 13117
2866 gi|37 27091 27358
2867 gi|37 29298 29554
2868 gi|37 31037 31294
2869 gi|37 31691 33279
2870 gi|37 33525 34204
2871 gi|37 36217 36519
2872 gi|37 37803 38246
2873 gi|37 38380 38504
2874 gi|37 38506 39287
2875 gi|38 225 652
2876 gi|38 1239 2448
2877 gi|38 4427 4559
2878 gi|38 4745 5559
2879 gi|38 32448 32967
2880 gi|38 33798 33936
2881 gi|4 3207 4241
2882 gi|4 4263 5078
2883 gi|4 7289 7628
2884 gi|4 7648 8653
2885 gi|4 9506 9702
2886 gi|4 19112 19943
2887 gi|4 20158 20325
2888 gi|4 20884 21173
2889 gi|4 21373 21565
2890 gi|4 24925 25189
2891 gi|4 29604 29830
2892 gi|4 34112 34420
2893 gi|4 34495 34616
2894 gi|4 34888 34980
2895 gi|4 35089 35222
2896 gi|4 35347 35447
2897 gi|4 35690 35913
2898 gi|40 2396 2526
2899 gi|40 4607 4740
2900 gi|40 10361 10449
2901 gi|40 20546 23124
2902 gi|40 27002 27217
2903 gi|40 27225 27747
2904 gi|40 36368 36669
2905 gi|40 36842 36963
2906 gi|40 37043 37373
2907 gi|41 1 620
2908 gi|41 9012 9588
2909 gi|41 9734 10664
2910 gi|41 10556 11045
2911 gi|41 13769 13844
2912 gi|41 32057 32305
2913 gi|41 32921 34018
2914 gi|41 38522 38620
2915 gi|42 3394 3722
2916 gi|42 6665 7128
2917 gi|42 8028 8124
2918 gi|42 8886 8976
2919 gi|42 26724 26826
2920 gi|42 27919 28097
2921 gi|42 28622 28890
2922 gi|44 2 249
2923 gi|44 320 1599
2924 gi|44 2431 2636
2925 gi|44 2565 2823
2926 gi|44 2875 3088
2927 gi|44 3434 11668
2928 gi|44 12068 12253
2929 gi|44 12201 12409
2930 gi|44 12756 12912
2931 gi|44 12913 13103
2932 gi|44 13253 13362
2933 gi|44 13320 14499
2934 gi|44 14467 15661
2935 gi|44 15960 17154
2936 gi|44 17142 19355
2937 gi|44 19337 20285
2938 gi|44 20831 21290
2939 gi|44 21561 21824
2940 gi|44 21747 24232
2941 gi|44 24474 26745
2942 gi|44 26946 27486
2943 gi|44 27575 30117
2944 gi|44 30429 30932
2945 gi|44 30727 32345
2946 gi|44 36439 38746
2947 gi|44 38801 39337
2948 gi|44 39526 39647
2949 gi|45 8906 10492
2950 gi|45 12812 13814
2951 gi|45 13771 22960
2952 gi|45 37474 39126
2953 gi|46 196 738
2954 gi|46 3237 4273
2955 gi|46 7873 7978
2956 gi|46 13962 14069
2957 gi|46 26687 26880
2958 gi|46 27345 27591
2959 gi|46 27649 28547
2960 gi|46 28626 28958
2961 gi|46 29206 29321
2962 gi|46 31531 31737
2963 gi|46 32077 32845
2964 gi|46 33941 34141
2965 gi|46 36837 36957
2966 gi|48 1 243
2967 gi|48 584 845
2968 gi|48 2178 2508
2969 gi|48 2722 3290
2970 gi|48 3345 3416
2971 gi|48 3631 3897
2972 gi|48 3880 3993
2973 gi|48 7357 8405
2974 gi|48 8524 8826
2975 gi|48 8691 9328
2976 gi|48 9248 10282
2977 gi|48 10365 10523
2978 gi|48 10549 11120
2979 gi|48 11501 11703
2980 gi|48 11871 12211
2981 gi|48 12153 12673
2982 gi|48 12665 13468
2983 gi|48 13458 13517
2984 gi|48 13589 15237
2985 gi|48 14650 16297
2986 gi|48 16249 16467
2987 gi|48 16480 16906
2988 gi|48 17206 17414
2989 gi|48 17523 18205
2990 gi|48 18405 18631
2991 gi|48 19262 19781
2992 gi|48 19886 20092
2993 gi|48 20955 21191
2994 gi|48 26140 26434
2995 gi|48 26750 27087
2996 gi|48 27026 27231
2997 gi|48 33141 33488
2998 gi|48 34356 35988
2999 gi|48 35996 36347
3000 gi|48 36390 36768
3001 gi|48 37473 37521
3002 gi|48 37515 37844
3003 gi|48 37845 37943
3004 gi|48 37922 40000
3005 gi|49 1 629
3006 gi|49 600 895
3007 gi|49 860 1358
3008 gi|49 1299 2333
3009 gi|49 2294 3693
3010 gi|49 3657 7271
3011 gi|49 7257 8281
3012 gi|49 8284 10058
3013 gi|49 10053 10261
3014 gi|49 10261 10704
3015 gi|49 10582 10833
3016 gi|49 11448 11837
3017 gi|49 11802 12106
3018 gi|49 12061 13278
3019 gi|49 13204 14701
3020 gi|49 14680 15372
3021 gi|49 15702 15841
3022 gi|49 16817 17996
3023 gi|49 17989 19221
3024 gi|49 18994 19633
3025 gi|49 20147 20393
3026 gi|49 22948 23077
3027 gi|49 23119 25177
3028 gi|49 24950 25467
3029 gi|49 25557 26006
3030 gi|49 28175 29049
3031 gi|49 35945 36964
3032 gi|49 36988 37151
3033 gi|49 37670 37915
3034 gi|49 37955 38001
3035 gi|49 38260 38487
3036 gi|49 38582 39778
3037 gi|49 39761 40000
3038 gi|5 1 128
3039 gi|5 284 638
3040 gi|5 541 744
3041 gi|5 794 1148
3042 gi|5 1538 1583
3043 gi|5 1577 2789
3044 gi|5 2752 9619
3045 gi|5 9602 11489
3046 gi|5 11489 22013
3047 gi|5 21987 23563
3048 gi|5 24670 24843
3049 gi|5 25146 25689
3050 gi|5 26689 26906
3051 gi|5 27341 28280
3052 gi|5 27962 30284
3053 gi|5 30249 34683
3054 gi|5 34518 35870
3055 gi|5 35730 36287
3056 gi|5 36216 36365
3057 gi|5 36365 37051
3058 gi|5 37049 37845
3059 gi|5 37811 39036
3060 gi|5 39022 39240
3061 gi|5 39217 39827
3062 gi|50 11040 11295
3063 gi|50 11549 12064
3064 gi|50 13181 13291
3065 gi|50 15203 15263
3066 gi|50 16373 16489
3067 gi|50 16533 17345
3068 gi|50 17107 17699
3069 gi|50 17428 18630
3070 gi|50 19166 20619
3071 gi|50 21697 21991
3072 gi|50 22016 22817
3073 gi|50 22905 23148
3074 gi|50 23649 24138
3075 gi|50 25890 26132
3076 gi|50 26250 26363
3077 gi|50 26354 26432
3078 gi|50 26428 26700
3079 gi|50 26698 26800
3080 gi|50 26802 27043
3081 gi|50 28718 28888
3082 gi|50 35128 36018
3083 gi|51 3190 3387
3084 gi|51 4941 5114
3085 gi|51 6227 6298
3086 gi|51 9856 11199
3087 gi|51 11338 11469
3088 gi|51 12810 13020
3089 gi|51 14554 14789
3090 gi|51 17927 18147
3091 gi|51 18068 19001
3092 gi|51 21514 21870
3093 gi|51 21889 23563
3094 gi|51 24946 25144
3095 gi|51 29341 29655
3096 gi|51 32732 32771
3097 gi|51 32772 33221
3098 gi|51 33768 33871
3099 gi|51 34281 34693
3100 gi|51 35033 36455
3101 gi|51 36616 36739
3102 gi|51 38068 38410
3103 gi|51 38546 38796
3104 gi|51 39014 39226
3105 gi|51 39945 40000
3106 gi|52 38 1415
3107 gi|52 1483 2375
3108 gi|52 2543 2739
3109 gi|52 3367 3616
3110 gi|52 6222 6569
3111 gi|52 6656 6961
3112 gi|52 7229 7474
3113 gi|52 16106 16250
3114 gi|52 19543 19863
3115 gi|52 19864 19938
3116 gi|52 22614 22742
3117 gi|52 23257 23380
3118 gi|52 24949 25152
3119 gi|52 25889 26165
3120 gi|52 27698 27901
3121 gi|52 28703 28979
3122 gi|52 31663 31700
3123 gi|52 35596 35903
3124 gi|52 36673 37402
3125 gi|52 37483 39193
3126 gi|52 39515 40000
3127 gi|53 1 755
3128 gi|53 764 2257
3129 gi|53 2736 2896
3130 gi|53 3079 3406
3131 gi|53 3605 4677
3132 gi|53 4890 5389
3133 gi|53 5502 5579
3134 gi|53 5639 6279
3135 gi|53 10337 10757
3136 gi|53 13982 14094
3137 gi|53 15510 16975
3138 gi|53 17258 19402
3139 gi|53 20580 20881
3140 gi|53 20973 21131
3141 gi|53 34485 34846
3142 gi|53 35394 35564
3143 gi|53 36077 37122
3144 gi|53 37652 37726
3145 gi|54 12459 12617
3146 gi|54 13700 13830
3147 gi|54 29585 29773
3148 gi|54 30226 30338
3149 gi|54 30595 30715
3150 gi|55 7151 7739
3151 gi|55 8377 8478
3152 gi|55 8553 8674
3153 gi|55 8836 9636
3154 gi|55 10114 10285
3155 gi|55 12545 13101
3156 gi|55 15565 16209
3157 gi|55 16122 17470
3158 gi|55 17930 18195
3159 gi|55 18509 18647
3160 gi|55 18739 19226
3161 gi|55 19213 19604
3162 gi|55 19594 19873
3163 gi|55 24960 27502
3164 gi|55 27576 27773
3165 gi|55 27811 28899
3166 gi|55 29352 30864
3167 gi|55 31340 31607
3168 gi|55 32427 32823
3169 gi|55 35118 35253
3170 gi|55 39696 39770
3171 gi|56 1848 2114
3172 gi|56 2153 2510
3173 gi|56 14291 14579
3174 gi|56 14698 15455
3175 gi|56 15856 16837
3176 gi|56 32609 32849
3177 gi|56 37096 38473
3178 gi|56 38609 39523
3179 gi|57 1 4626
3180 gi|57 9448 9719
3181 gi|57 17385 17926
3182 gi|57 20982 21702
3183 gi|57 22265 22383
3184 gi|57 30221 30531
3185 gi|57 30789 31000
3186 gi|57 32124 32283
3187 gi|58 696 890
3188 gi|58 1300 1463
3189 gi|58 2789 2923
3190 gi|58 3342 3503
3191 gi|58 3824 5733
3192 gi|58 6054 6349
3193 gi|58 6455 6930
3194 gi|58 7703 7904
3195 gi|58 9856 10761
3196 gi|58 13574 13777
3197 gi|58 16360 17558
3198 gi|58 17561 17948
3199 gi|58 18071 18370
3200 gi|58 18614 19031
3201 gi|58 19123 19925
3202 gi|58 20575 21381
3203 gi|58 21471 21995
3204 gi|58 28861 29149
3205 gi|58 31213 31486
3206 gi|58 33395 33676
3207 gi|58 35678 35887
3208 gi|58 36594 36940
3209 gi|59 1 683
3210 gi|59 571 807
3211 gi|59 1103 1542
3212 gi|59 1666 2130
3213 gi|59 2164 3137
3214 gi|59 3432 3690
3215 gi|59 4221 4474
3216 gi|59 4451 4923
3217 gi|59 5034 6513
3218 gi|59 6594 6899
3219 gi|59 6863 7045
3220 gi|59 8023 9222
3221 gi|59 9231 9799
3222 gi|59 9680 10551
3223 gi|59 10748 11021
3224 gi|59 15636 16727
3225 gi|59 18374 18588
3226 gi|59 18661 18846
3227 gi|59 19451 20672
3228 gi|59 20755 21673
3229 gi|59 21880 21940
3230 gi|59 28323 28766
3231 gi|59 32495 32587
3232 gi|59 33052 33196
3233 gi|59 33526 34154
3234 gi|59 34322 34607
3235 gi|59 35076 35168
3236 gi|59 38122 38536
3237 gi|59 39251 39587
3238 gi|6 1411 2275
3239 gi|6 2391 2865
3240 gi|6 3484 3653
3241 gi|6 5586 6406
3242 gi|6 6742 7206
3243 gi|6 8409 9252
3244 gi|6 9280 9783
3245 gi|6 11081 11801
3246 gi|6 11972 12112
3247 gi|6 12266 12634
3248 gi|6 13917 14288
3249 gi|6 15050 15972
3250 gi|6 16531 17597
3251 gi|6 17992 18129
3252 gi|6 18986 19220
3253 gi|6 22857 23477
3254 gi|6 23498 24042
3255 gi|6 24003 24105
3256 gi|6 24624 24809
3257 gi|6 25452 25778
3258 gi|6 27131 28500
3259 gi|6 33693 33966
3260 gi|6 34020 34939
3261 gi|6 34911 35093
3262 gi|6 35257 35542
3263 gi|6 35840 37104
3264 gi|6 37131 37173
3265 gi|6 37484 37788
3266 gi|6 37759 37957
3267 gi|6 37944 38188
3268 gi|6 38183 39884
3269 gi|6 39858 39998
3270 gi|60 41 1303
3271 gi|60 1940 2891
3272 gi|60 3139 3328
3273 gi|60 3744 3956
3274 gi|60 13282 14226
3275 gi|60 15180 15509
3276 gi|60 20068 20258
3277 gi|60 20644 22447
3278 gi|60 22742 23257
3279 gi|60 23483 24025
3280 gi|60 24077 24809
3281 gi|60 29967 30341
3282 gi|60 30445 30708
3283 gi|60 32894 33045
3284 gi|60 34015 34417
3285 gi|60 34601 35268
3286 gi|60 35240 38294
3287 gi|60 38646 39874
3288 gi|61 614 1051
3289 gi|61 908 1745
3290 gi|61 2919 4265
3291 gi|61 6451 7028
3292 gi|61 8266 9592
3293 gi|61 9608 10109
3294 gi|61 11270 11455
3295 gi|61 11600 12949
3296 gi|61 13147 13885
3297 gi|61 13899 14635
3298 gi|61 15318 15907
3299 gi|61 15816 16229
3300 gi|61 18532 18773
3301 gi|61 20535 20743
3302 gi|61 20783 21103
3303 gi|61 21398 22279
3304 gi|61 22249 22421
3305 gi|61 23569 23769
3306 gi|61 24090 24626
3307 gi|61 24895 30046
3308 gi|61 30535 32795
3309 gi|61 35295 35422
3310 gi|61 39335 39600
3311 gi|62 1 125
3312 gi|62 101 1216
3313 gi|62 1198 1684
3314 gi|62 1942 2140
3315 gi|62 2221 2375
3316 gi|62 2500 2629
3317 gi|62 2677 3508
3318 gi|62 3510 4537
3319 gi|62 4499 5637
3320 gi|62 6673 6998
3321 gi|62 8692 8957
3322 gi|62 9212 10360
3323 gi|62 10590 11009
3324 gi|62 10919 21800
3325 gi|62 21665 22161
3326 gi|62 22149 24207
3327 gi|62 24129 27185
3328 gi|62 27139 27363
3329 gi|62 29246 29638
3330 gi|62 29598 31104
3331 gi|62 31106 32403
3332 gi|62 32493 32554
3333 gi|62 32545 33014
3334 gi|62 32971 33181
3335 gi|62 35470 36048
3336 gi|62 36345 36688
3337 gi|62 36706 38072
3338 gi|62 38010 40000
3339 gi|63 1729 2099
3340 gi|63 2034 2226
3341 gi|63 2218 3104
3342 gi|63 3788 4022
3343 gi|63 4064 4177
3344 gi|63 4283 4429
3345 gi|63 5019 5279
3346 gi|63 6010 7986
3347 gi|63 8189 8801
3348 gi|63 9244 9493
3349 gi|63 9450 9672
3350 gi|63 10121 10239
3351 gi|63 10482 11245
3352 gi|63 11652 11936
3353 gi|63 11996 12052
3354 gi|63 19912 20067
3355 gi|63 20277 20450
3356 gi|63 20621 20716
3357 gi|63 27240 27698
3358 gi|63 28078 28127
3359 gi|63 29573 30251
3360 gi|63 30587 30622
3361 gi|63 30994 31209
3362 gi|63 31306 31654
3363 gi|63 31761 32074
3364 gi|63 32148 33377
3365 gi|63 34540 37682
3366 gi|63 38058 38695
3367 gi|63 38826 39210
3368 gi|63 39609 39768
3369 gi|63 39904 40000
3370 gi|65 1 430
3371 gi|65 285 1341
3372 gi|65 3790 4235
3373 gi|65 5663 5905
3374 gi|65 7244 7442
3375 gi|65 7515 7753
3376 gi|65 8205 8392
3377 gi|65 9058 9264
3378 gi|65 9508 9881
3379 gi|65 11666 11729
3380 gi|65 15567 16275
3381 gi|65 16397 16955
3382 gi|65 17009 17480
3383 gi|65 17524 19213
3384 gi|65 19688 19885
3385 gi|65 21010 21349
3386 gi|65 21649 22540
3387 gi|65 22682 22903
3388 gi|65 23566 23787
3389 gi|65 24037 24222
3390 gi|65 24362 25279
3391 gi|65 26621 26849
3392 gi|65 27212 27662
3393 gi|65 27591 27888
3394 gi|65 28830 29055
3395 gi|65 29222 29666
3396 gi|65 29480 34640
3397 gi|65 35365 35614
3398 gi|65 36090 37350
3399 gi|65 38710 39121
3400 gi|66 1 110
3401 gi|66 324 6659
3402 gi|66 7208 7551
3403 gi|66 7544 7743
3404 gi|66 8753 8880
3405 gi|66 35097 35304
3406 gi|68 12168 23224
3407 gi|68 27224 30050
3408 gi|68 36201 39027
3409 gi|7 6 1183
3410 gi|7 2800 3021
3411 gi|7 3788 3836
3412 gi|7 3825 6003
3413 gi|7 5965 6110
3414 gi|7 6106 6713
3415 gi|7 7894 8020
3416 gi|7 9586 9927
3417 gi|7 10238 22706
3418 gi|7 22674 23378
3419 gi|7 23332 24597
3420 gi|7 24837 25056
3421 gi|7 25165 25621
3422 gi|7 29168 30207
3423 gi|7 31906 33811
3424 gi|7 33792 34289
3425 gi|7 34329 35325
3426 gi|7 35339 35411
3427 gi|7 35441 38651
3428 gi|7 38654 39506
3429 gi|7 39498 39923
3430 gi|70 3946 4027
3431 gi|70 4889 5279
3432 gi|70 5795 5953
3433 gi|70 6321 7009
3434 gi|70 7056 7986
3435 gi|70 8055 9070
3436 gi|70 8796 10704
3437 gi|70 11180 11419
3438 gi|70 18601 19009
3439 gi|70 18863 19583
3440 gi|70 19655 20211
3441 gi|70 20521 20709
3442 gi|70 22240 22518
3443 gi|70 23756 23944
3444 gi|71 5590 5746
3445 gi|71 7313 7766
3446 gi|71 8240 9457
3447 gi|71 32709 33834
3448 gi|71 34416 34641
3449 gi|71 35558 39976
3450 gi|72 6801 6896
3451 gi|72 7074 7239
3452 gi|72 7227 9809
3453 gi|72 9873 10369
3454 gi|72 10838 10957
3455 gi|72 11298 11507
3456 gi|72 11488 11865
3457 gi|72 11931 12070
3458 gi|72 16148 18913
3459 gi|72 18805 19333
3460 gi|72 19401 19744
3461 gi|72 20163 21552
3462 gi|72 21775 22327
3463 gi|72 22883 24292
3464 gi|72 25348 25833
3465 gi|72 25948 26054
3466 gi|72 26739 27398
3467 gi|72 27854 27931
3468 gi|72 31319 31505
3469 gi|72 31557 31778
3470 gi|73 5732 6219
3471 gi|73 6553 6992
3472 gi|73 15144 15579
3473 gi|73 15604 16850
3474 gi|73 31841 32414
3475 gi|73 32536 32780
3476 gi|73 37098 37426
3477 gi|73 37605 37715
3478 gi|75 3183 3575
3479 gi|75 5231 5599
3480 gi|75 5930 6657
3481 gi|75 6580 6869
3482 gi|75 9588 9876
3483 gi|75 10007 10231
3484 gi|75 11522 11936
3485 gi|75 11963 13422
3486 gi|75 13762 13850
3487 gi|75 14018 14180
3488 gi|75 14673 14962
3489 gi|75 18057 18133
3490 gi|75 18388 18608
3491 gi|75 18717 19078
3492 gi|75 19255 20090
3493 gi|75 21099 21169
3494 gi|75 21402 23128
3495 gi|75 23131 24052
3496 gi|75 24343 24529
3497 gi|75 27534 27873
3498 gi|75 33262 33661
3499 gi|75 34587 34668
3500 gi|75 34701 34961
3501 gi|75 36934 37182
3502 gi|75 37301 38224
3503 gi|75 38643 38945
3504 gi|76 965 1090
3505 gi|76 4540 9355
3506 gi|76 10870 11113
3507 gi|76 15043 15843
3508 gi|76 16068 16568
3509 gi|76 16915 17010
3510 gi|76 17329 17619
3511 gi|76 18094 18396
3512 gi|76 20128 20587
3513 gi|76 20694 20901
3514 gi|76 21083 21618
3515 gi|76 21719 21984
3516 gi|76 22822 22967
3517 gi|76 23288 23683
3518 gi|76 28883 29217
3519 gi|76 34181 34275
3520 gi|76 38746 38996
3521 gi|77 1 1390
3522 gi|77 1360 8117
3523 gi|77 7448 15407
3524 gi|77 15388 16977
3525 gi|77 16280 18617
3526 gi|77 18935 19600
3527 gi|77 19634 19792
3528 gi|77 19794 23221
3529 gi|77 23519 23656
3530 gi|77 23652 23807
3531 gi|77 23769 23937
3532 gi|77 24040 24129
3533 gi|77 24323 24633
3534 gi|77 24889 25291
3535 gi|77 26068 26245
3536 gi|77 27171 27334
3537 gi|77 27443 27636
3538 gi|77 27820 28079
3539 gi|77 28159 28324
3540 gi|77 29201 29480
3541 gi|77 32119 32403
3542 gi|77 32391 32548
3543 gi|77 32774 32950
3544 gi|77 33112 33433
3545 gi|77 33370 34391
3546 gi|77 34413 34601
3547 gi|77 34587 35222
3548 gi|77 35221 35465
3549 gi|77 35686 35856
3550 gi|77 35817 36415
3551 gi|77 36393 36628
3552 gi|77 36687 37048
3553 gi|77 37126 37305
3554 gi|77 37640 38892
3555 gi|78 3752 4337
3556 gi|78 9039 9087
3557 gi|78 15986 16156
3558 gi|78 16185 16244
3559 gi|78 25077 26318
3560 gi|78 27783 28029
3561 gi|78 28983 29256
3562 gi|78 29665 29818
3563 gi|79 413 778
3564 gi|79 993 1061
3565 gi|79 1307 2983
3566 gi|79 4661 5438
3567 gi|79 5548 7156
3568 gi|79 7573 9090
3569 gi|79 9519 9591
3570 gi|79 9757 10128
3571 gi|79 13890 14093
3572 gi|79 14368 15697
3573 gi|79 16865 18779
3574 gi|79 18834 19040
3575 gi|79 20044 21473
3576 gi|79 23919 24091
3577 gi|79 24308 25744
3578 gi|79 27286 27350
3579 gi|79 29112 30736
3580 gi|79 32603 32836
3581 gi|8 1 4350
3582 gi|8 11670 11869
3583 gi|8 14106 14238
3584 gi|8 16159 16255
3585 gi|8 19734 21766
3586 gi|8 22257 22779
3587 gi|8 22734 23077
3588 gi|8 23229 23480
3589 gi|8 23964 24062
3590 gi|8 25301 25748
3591 gi|8 25950 28439
3592 gi|8 28479 28625
3593 gi|8 34560 35081
3594 gi|8 35133 36260
3595 gi|8 36342 36661
3596 gi|8 36707 37016
3597 gi|80 2498 2674
3598 gi|80 3032 3282
3599 gi|80 5433 5683
3600 gi|80 6229 6399
3601 gi|80 9042 9092
3602 gi|80 9262 9485
3603 gi|80 10866 11029
3604 gi|80 11167 11462
3605 gi|80 14221 14326
3606 gi|80 17082 17168
3607 gi|80 17824 18020
3608 gi|80 18123 18287
3609 gi|80 19865 20003
3610 gi|80 30129 30210
3611 gi|80 36641 36722
3612 gi|80 37370 37510
3613 gi|81 50 1139
3614 gi|81 2741 2926
3615 gi|81 2976 3169
3616 gi|81 14475 14860
3617 gi|81 15929 16376
3618 gi|81 16484 16746
3619 gi|81 18805 19148
3620 gi|81 19437 19625
3621 gi|81 19651 19911
3622 gi|81 22363 22608
3623 gi|81 23286 23789
3624 gi|81 24212 24453
3625 gi|81 24389 24865
3626 gi|81 26363 26453
3627 gi|81 28163 28381
3628 gi|81 28827 29133
3629 gi|81 29357 29441
3630 gi|81 29522 30093
3631 gi|81 30298 30336
3632 gi|81 30454 34571
3633 gi|81 34548 34863
3634 gi|81 35112 35317
3635 gi|81 35332 35502
3636 gi|81 35483 35642
3637 gi|81 35639 37980
3638 gi|81 38108 38619
3639 gi|81 38524 39989
3640 gi|82 1032 1781
3641 gi|82 1917 2867
3642 gi|82 2856 3798
3643 gi|82 3552 5352
3644 gi|82 5406 5645
3645 gi|82 5948 6730
3646 gi|82 6890 7502
3647 gi|82 7727 7960
3648 gi|82 7974 8310
3649 gi|82 8584 10328
3650 gi|82 10537 10704
3651 gi|82 12246 13488
3652 gi|82 15473 15556
3653 gi|82 28525 28755
3654 gi|82 38032 38123
3655 gi|82 38874 39380
3656 gi|83 1 576
3657 gi|83 672 1686
3658 gi|83 9271 9821
3659 gi|83 10072 10189
3660 gi|83 15929 16151
3661 gi|83 17052 17139
3662 gi|83 17427 17542
3663 gi|83 17670 20246
3664 gi|83 20813 20952
3665 gi|83 23073 23163
3666 gi|83 38496 38621
3667 gi|83 39411 39585
3668 gi|83 39667 39955
3669 gi|84 10382 11710
3670 gi|84 14324 14724
3671 gi|84 20096 20543
3672 gi|84 35925 35981
3673 gi|85 453 3172
3674 gi|85 4375 4913
3675 gi|85 5669 5925
3676 gi|85 6057 6386
3677 gi|85 7073 7338
3678 gi|85 7527 8306
3679 gi|85 8403 9286
3680 gi|85 10421 11095
3681 gi|85 11534 11736
3682 gi|85 11724 13084
3683 gi|85 13656 14060
3684 gi|85 17839 18033
3685 gi|85 18305 18355
3686 gi|85 19358 20771
3687 gi|85 21610 21702
3688 gi|85 21924 21981
3689 gi|85 28612 28867
3690 gi|85 29237 29780
3691 gi|85 29826 30054
3692 gi|85 30538 30801
3693 gi|85 37843 38058
3694 gi|85 38513 39055
3695 gi|85 39309 39573
3696 gi|85 39561 39974
3697 gi|86 287 923
3698 gi|86 2677 2900
3699 gi|86 9758 9846
3700 gi|86 11990 13246
3701 gi|86 17785 17916
3702 gi|86 18656 18912
3703 gi|86 20885 21489
3704 gi|86 21512 22046
3705 gi|86 22343 22755
3706 gi|86 22714 23077
3707 gi|86 23326 23820
3708 gi|86 24174 24362
3709 gi|86 24427 24562
3710 gi|86 24834 25263
3711 gi|86 25299 25673
3712 gi|86 26295 27958
3713 gi|86 28256 28399
3714 gi|86 28900 29230
3715 gi|86 30265 30308
3716 gi|86 30833 31019
3717 gi|86 31194 31285
3718 gi|86 31557 31697
3719 gi|86 33905 34142
3720 gi|86 35216 35752
3721 gi|86 36066 36316
3722 gi|86 36723 37901
3723 gi|86 39208 39331
3724 gi|86 39654 39772
3725 gi|87 1508 1916
3726 gi|87 10594 11040
3727 gi|87 24474 24558
3728 gi|87 27229 27850
3729 gi|87 28058 28265
3730 gi|87 30792 30982
3731 gi|87 36012 36130
3732 gi|87 38573 39023
3733 gi|88 108 247
3734 gi|88 341 556
3735 gi|88 1051 1204
3736 gi|88 1169 1413
3737 gi|88 1589 1648
3738 gi|88 2107 2664
3739 gi|88 2878 3144
3740 gi|88 5904 5964
3741 gi|88 9041 9123
3742 gi|88 9852 9979
3743 gi|88 10176 10260
3744 gi|88 12616 14231
3745 gi|88 16228 16302
3746 gi|88 21205 21973
3747 gi|88 29542 29893
3748 gi|88 29863 30219
3749 gi|88 35629 35862
3750 gi|88 35857 36003
3751 gi|88 36656 36769
3752 gi|88 37031 37314
3753 gi|89 14256 14395
3754 gi|89 15125 15231
3755 gi|89 20080 20811
3756 gi|90 5 1562
3757 gi|90 1315 2365
3758 gi|90 2826 3011
3759 gi|90 2978 4245
3760 gi|90 4301 4493
3761 gi|90 4444 5148
3762 gi|90 5083 6729
3763 gi|90 6707 9291
3764 gi|90 9273 15931
3765 gi|90 15749 17408
3766 gi|90 17389 20485
3767 gi|90 20152 20936
3768 gi|90 20933 21119
3769 gi|90 21059 22128
3770 gi|90 22126 23303
3771 gi|90 23280 23855
3772 gi|90 23828 25167
3773 gi|90 25976 26815
3774 gi|90 26715 32137
3775 gi|90 32102 32487
3776 gi|90 32493 34977
3777 gi|90 34964 37270
3778 gi|90 37178 40000
3779 gi|91 1 236
3780 gi|91 220 379
3781 gi|91 771 1442
3782 gi|91 1551 2147
3783 gi|91 3020 3348
3784 gi|91 3519 3629
3785 gi|91 3795 4157
3786 gi|91 4159 4642
3787 gi|91 5613 5671
3788 gi|91 17338 19245
3789 gi|91 25789 26400
3790 gi|91 26560 27767
3791 gi|91 27919 28262
3792 gi|91 28404 28905
3793 gi|91 29157 29464
3794 gi|91 29728 30661
3795 gi|91 30914 31390
3796 gi|91 31565 31893
3797 gi|91 31985 32965
3798 gi|91 35498 35700
3799 gi|91 35778 36022
3800 gi|91 36512 36717
3801 gi|91 37213 37404
3802 gi|91 37658 37758
3803 gi|91 39291 39376
3804 gi|91 39630 39940
3805 gi|92 2914 4079
3806 gi|92 6286 6430
3807 gi|92 7603 8815
3808 gi|92 8553 9349
3809 gi|92 10742 10910
3810 gi|92 12490 12925
3811 gi|92 15364 15514
3812 gi|92 22404 22756
3813 gi|92 23078 23246
3814 gi|92 23241 23619
3815 gi|92 23572 23981
3816 gi|92 25035 25302
3817 gi|92 25366 25620
3818 gi|92 25638 26412
3819 gi|92 26838 27108
3820 gi|92 27094 27335
3821 gi|92 32760 33082
3822 gi|92 33331 33690
3823 gi|92 34306 34374
3824 gi|93 1 1289
3825 gi|93 1215 2877
3826 gi|93 2946 3573
3827 gi|93 4353 4485
3828 gi|93 6126 7061
3829 gi|93 7055 9702
3830 gi|93 9899 10400
3831 gi|93 10410 12517
3832 gi|93 12836 14091
3833 gi|93 13829 14510
3834 gi|93 14494 15899
3835 gi|94 56 598
3836 gi|94 425 887
3837 gi|94 883 1278
3838 gi|94 1237 1891
3839 gi|94 1923 2110
3840 gi|94 2732 3074
3841 gi|94 3168 3901
3842 gi|94 3731 4371
3843 gi|94 4352 4925
3844 gi|94 4871 5591
3845 gi|94 6121 6332
3846 gi|94 6719 7326
3847 gi|94 7195 7575
3848 gi|94 7610 8168
3849 gi|94 8150 8556
3850 gi|94 9759 10312
3851 gi|94 10339 10775
3852 gi|94 10654 11991
3853 gi|94 11983 12148
3854 gi|94 12277 12603
3855 gi|94 13782 14030
3856 gi|94 14442 14593
3857 gi|94 15700 16898
3858 gi|94 17851 18769
3859 gi|94 18474 19372
3860 gi|94 19344 20078
3861 gi|94 20119 20346
3862 gi|94 20320 20860
3863 gi|94 21011 21281
3864 gi|94 21185 25562
3865 gi|94 25395 28260
3866 gi|94 28208 28376
3867 gi|94 28383 28846
3868 gi|94 29884 30535
3869 gi|94 30584 31117
3870 gi|94 30911 31763
3871 gi|94 31628 32492
3872 gi|94 32549 32792
3873 gi|94 32747 33347
3874 gi|94 33194 33532
3875 gi|94 33534 35097
3876 gi|94 34693 36196
3877 gi|94 36126 36279
3878 gi|94 36708 37198
3879 gi|94 38839 39187
3880 gi|94 39164 40000
3881 gi|95 1 173
3882 gi|95 166 656
3883 gi|95 659 722
3884 gi|95 1084 1170
3885 gi|95 2005 2217
3886 gi|95 3034 4028
3887 gi|95 4071 4326
3888 gi|95 5079 5134
3889 gi|95 15279 15513
3890 gi|95 15527 15830
3891 gi|95 15782 16014
3892 gi|95 16290 16710
3893 gi|95 17413 17908
3894 gi|95 18281 18590
3895 gi|95 18681 18813
3896 gi|95 19189 19676
3897 gi|95 19674 19889
3898 gi|95 24437 24718
3899 gi|95 26839 29319
3900 gi|95 29760 30090
3901 gi|95 32757 34000
3902 gi|95 37206 37292
3903 gi|95 39086 39594
3904 gi|95 39888 39982
3905 gi|96 6025 6296
3906 gi|96 10042 10084
3907 gi|96 18265 18413
3908 gi|96 19168 19338
3909 gi|96 20003 20076
3910 gi|96 25758 27223
3911 gi|96 34889 35031
3912 gi|96 36609 36784
3913 gi|96 36907 37113
3914 gi|96 38118 38259
3915 gi|97 1106 1212
3916 gi|97 1591 2138
3917 gi|97 2434 3079
3918 gi|97 3159 3273
3919 gi|97 3480 3741
3920 gi|97 8430 8480
3921 gi|97 8750 10201
3922 gi|97 14149 14441
3923 gi|97 23849 24157
3924 gi|97 30123 30844
3925 gi|99 1454 3227
3926 gi|99 3280 4487
3927 gi|99 7554 7926
3928 gi|99 8296 8422
3929 gi|99 9224 9527
3930 gi|99 13139 13637
3931 gi|99 14676 15800
3932 gi|99 15884 16271
3933 gi|99 16326 16625
3934 gi|99 17549 17702
3935 gi|99 18371 19677
3936 gi|99 21232 21454
3937 gi|99 22033 22395
3938 gi|99 22427 22587
3939 gi|99 23030 23310
3940 gi|99 23845 24939
3941 gi|99 28099 28320
3942 gi|99 30503 30673
3943 gi|99 30901 32505
3944 gi|99 32521 32686
3945 gi|99 32678 32934
3946 gi|99 33165 34775
3947 gi|99 34794 34959
3948 gi|99 34951 35207
3949 gi|99 35438 37060
3950 gi|99 37076 37241
3951 gi|99 37314 37489
3952 gi|99 37720 39341
3953 gi|99 39357 39522
3954 gi|99 39595 39770
